QBPP_HJ-_25_050_20_1
25 50 3742
2 9 34 40 49 11 25 2 22 3 20 16 28 37 9 30 10 8 40 14 5 1 16 33 30
    0  -76  -87    0  -27  -66  -79  -40  -73    0    0  -84    0    0    0  -46    0  -50    0  -18   -7    0    0  -54  -23
  -76    0    0  -48  -86  -97  -59    0  -96    0    0   -7  -43    0    0  -62  -11  -79    0  -70  -81  -73  -41  -27    0
  -87    0    0  -56  -67  -99    0  -86  -35  -64   -5    0    0    0    0  -72  -23    0    0    0  -26    0    0    0    0
    0  -48  -56    0    0  -99  -42  -18    0    0    0  -84    0    0    0    0    0    0  -31  -82    0    0   -5  -13  -20
  -27  -86  -67    0    0    0  -67  -25  -40    0    0    0    0  -65    0    0  -64  -37  -54    0    0    0    0  -86    0
  -66  -97  -99  -99    0    0    0    0  -75    0    0    0  -20  -85    0    0    0  -56    0    0    0  -31  -34  -33    0
  -79  -59    0  -42  -67    0    0    0  -11  -78    0    0  -84    0    0  -55  -85  -50  -44  -20    0  -34    0  -21    0
  -40    0  -86  -18  -25    0    0    0  -95  -61  -41  -11    0   -5  -59  -10    0    0  -51  -17    0  -75    0  -90  -37
  -73  -96  -35    0  -40  -75  -11  -95    0    0  -28  -40  -81    0    0  -36    0  -36  -11    0  -66    0  -75  -72  -82
    0    0  -64    0    0    0  -78  -61    0    0    0    0    0  -63    0  -25    0  -35    0  -58    0  -83  -84  -79    0
    0    0   -5    0    0    0    0  -41  -28    0    0    0    0    0    0   -5   -8  -65  -78  -89  -61    0    0  -61  -26
  -84   -7    0  -84    0    0    0  -11  -40    0    0    0  -17  -43    0  -51    0  -60  -85  -83    0  -44    0    0  -55
    0  -43    0    0    0  -20  -84    0  -81    0    0  -17    0    0    0    0  -69  -27    0    0  -84  -77    0  -72  -53
    0    0    0    0  -65  -85    0   -5    0  -63    0  -43    0    0    0    0  -71    0  -84    0  -45  -26    0    0    0
    0    0    0    0    0    0    0  -59    0    0    0    0    0    0    0    0    0    0  -19    0    0   -2   -1    0   -9
  -46  -62  -72    0    0    0  -55  -10  -36  -25   -5  -51    0    0    0    0    0  -58    0   -5   -7  -77  -82  -99  -69
    0  -11  -23    0  -64    0  -85    0    0    0   -8    0  -69  -71    0    0    0  -30   -9  -16    0  -80    0  -17    0
  -50  -79    0    0  -37  -56  -50    0  -36  -35  -65  -60  -27    0    0  -58  -30    0    0    0  -71    0    0    0  -93
    0    0    0  -31  -54    0  -44  -51  -11    0  -78  -85    0  -84  -19    0   -9    0    0   -4    0  -97    0  -36  -81
  -18  -70    0  -82    0    0  -20  -17    0  -58  -89  -83    0    0    0   -5  -16    0   -4    0  -56    0  -20  -82    0
   -7  -81  -26    0    0    0    0    0  -66    0  -61    0  -84  -45    0   -7    0  -71    0  -56    0    0  -49  -54    0
    0  -73    0    0    0  -31  -34  -75    0  -83    0  -44  -77  -26   -2  -77  -80    0  -97    0    0    0   -1  -58  -19
    0  -41    0   -5    0  -34    0    0  -75  -84    0    0    0    0   -1  -82    0    0    0  -20  -49   -1    0    0  -75
  -54  -27    0  -13  -86  -33  -21  -90  -72  -79  -61    0  -72    0    0  -99  -17    0  -36  -82  -54  -58    0    0  -73
  -23    0    0  -20    0    0    0  -37  -82    0  -26  -55  -53    0   -9  -69    0  -93  -81    0    0  -19  -75  -73    0
