QBPP_HJ+_45_050_06_1
45 459 130
33 48 50 36 37 43 4 8 33 46 31 45 50 16 32 50 3 7 22 26 34 23 14 49 22 35 29 28 32 3 48 38 2 26 37 13 50 33 46 7 40 25 46 32 44
    0    0    0   25    0    0   61    0   85    0   46   85   65   97    0    1    0   75    0   75    0    0    0    0    0    0   21    7    0   81   24   60    0    0   24   84    0    3    9    0   16    0   85    7   95
    0    0   84    0   18    0    0   41   67   38    0    0    0    0    0   80    0   56   56   55   93    9    0   33   31   99    0    7    0    0   42    0   95  100   94    0    0   66   43    0    0   99   10   82    0
    0   84    0   87   21   10   14    0    0   38    0   57    0   76    0    0   84   16    0    0    3   92   81   87   74   77   28    0   57   48    0   41    0   16    0   16   11    0   52    0   48   55    7   98    0
   25    0   87    0    0   25   27   29   27    0    9    0    0    0    0    0    0    0   66   70    0   65    0   59    0   75    1    0    0   91    0    0    0   25   71   93    0   35    0    0   90   20   70    0    0
    0   18   21    0    0    0    0   53   17    0    0   95    5   37    0    0   27    0    0   19   76   42   68    0    0    0    0   97    0    0   70    8    0    0    0   88    0    0   51   18    0    0   48    0    0
    0    0   10   25    0    0    0   16    0    0    0   11    0   59   88   91  100   82   33    0    0    0   65   22    0    0   97    0   31   97    0    0    0   90   39    0   24   33   75   62    0    3    0    0    0
   61    0   14   27    0    0    0    2   72    0    0    0  100    0    7   66   37   35   72   50    0    0   37    0    0    0   63    0   22    0   58    0    0   15   10    0    0    0    0    0   69    0    0   88    0
    0   41    0   29   53   16    2    0    0   94    0   95    0   56    0    0   33   26    0   99   59    0    0   97    0    0   71    0   47   20    0   57   26   16    0    0   74   87    0    0   80   75    0   61    0
   85   67    0   27   17    0   72    0    0   65   29    0   10    0    0   29   97    0    0    0    0    0    0   52    0   63   76   89   90   18   31    0    0   99    0    9   78    0    0    0   57   64   53   18   44
    0   38   38    0    0    0    0   94   65    0    0    0    6    0    0    0    0    0    0    3    0   35    0   41    0   19   67    0    0   95    0   47    0    0   52    0   89    0    3   32   98   98    0   81   63
   46    0    0    9    0    0    0    0   29    0    0   94   27   77   59    0    0    0    0    0   73    0    0    0   32   66    0   66    0    7    8    0    0   41   68   73   48   11   86   45    0   38   81   90   89
   85    0   57    0   95   11    0   95    0    0   94    0    0   21    0   38    0   81   81   90    0    0    0    0    7   51    0   42   76    0    0   15   43   95    0   84    0    0    0   59    0    0    0   23   14
   65    0    0    0    5    0  100    0   10    6   27    0    0   63   66   29    0    0   53   69   14    0    0    0    0   91    0    0   16    0    0    0    0    0    0   67   33    0    0    0    1    0    0   76    0
   97    0   76    0   37   59    0   56    0    0   77   21   63    0    0    0   76    0    0    0    1    0   48    0   64    0   36   20    0    0   15    0   91    0    0   68    0   33   95   60    0   82    0    0   27
    0    0    0    0    0   88    7    0    0    0   59    0   66    0    0    0    0    0    0   97    0    0    0   91    1   96    0   95   25    0   75   77   95   19  100    0    0    2   78    0   35    0   91   88   69
    1   80    0    0    0   91   66    0   29    0    0   38   29    0    0    0    0   14   93    0   37   35   75    0    0   66    0    0   29   36    0   14   12    0   55    0    0   74   45   27   96    0   71   29    3
    0    0   84    0   27  100   37   33   97    0    0    0    0   76    0    0    0   98   31    0    0    0   37   95    0    0   26    0    0    0    0    0    0   94   52   77    0   38   98   13    0   85    0    0   23
   75   56   16    0    0   82   35   26    0    0    0   81    0    0    0   14   98    0    0   54    0    0   97   10   30   26   89    0   95   78    0    0    0    0   47    0    0    4   32    0    0    0    0    0    0
    0   56    0   66    0   33   72    0    0    0    0   81   53    0    0   93   31    0    0    0   14   23   82    0    0   14    0   95    0    0   21    0    0    0   77   63    0   67   46   45   32    0    0   91    7
   75   55    0   70   19    0   50   99    0    3    0   90   69    0   97    0    0   54    0    0    0   98   64    0   30    0    0    0   81    0    0    2    0    0   75    6   75    0    0   35    0    0   53   16   75
    0   93    3    0   76    0    0   59    0    0   73    0   14    1    0   37    0    0   14    0    0    0   86   95   22   91    0    0    0    0    0    0   69    0    0   86   19   96    9   23    0    0    0    0    0
    0    9   92   65   42    0    0    0    0   35    0    0    0    0    0   35    0    0   23   98    0    0   53    0    0   88    0    0    0    0   28   29   26   52   48    0   14   44    0    0    7    9   41    0    0
    0    0   81    0   68   65   37    0    0    0    0    0    0   48    0   75   37   97   82   64   86   53    0   30    0    0   11   71   77   22   50   45    0   20   61    0   44   24   86    0   20    0   30    0    0
    0   33   87   59    0   22    0   97   52   41    0    0    0    0   91    0   95   10    0    0   95    0   30    0    0   55   16   64    0    0    0   30   12    0   51    8    0    0   52   41   70   32    0    0    0
    0   31   74    0    0    0    0    0    0    0   32    7    0   64    1    0    0   30    0   30   22    0    0    0    0   66   36    0    0   55    0    0   95   84    0    0    0   70    0   21    5   77    0    0    0
    0   99   77   75    0    0    0    0   63   19   66   51   91    0   96   66    0   26   14    0   91   88    0   55   66    0    0    0    0    0   42   96   33   39    0   55    0    0    0   24   74   73   76    2   39
   21    0   28    1    0   97   63   71   76   67    0    0    0   36    0    0   26   89    0    0    0    0   11   16   36    0    0    0    0   99   47   35   42    0   13    0   40   90   33    0    3   89   66   88   50
    7    7    0    0   97    0    0    0   89    0   66   42    0   20   95    0    0    0   95    0    0    0   71   64    0    0    0    0    5   72    0    0    0    0   42    0    0    9   19    0   22   82   53    0    0
    0    0   57    0    0   31   22   47   90    0    0   76   16    0   25   29    0   95    0   81    0    0   77    0    0    0    0    5    0   97   38    0   97    0    0   43   58    1   44   41    0   37    0   95    0
   81    0   48   91    0   97    0   20   18   95    7    0    0    0    0   36    0   78    0    0    0    0   22    0   55    0   99   72   97    0    0    0    0    0    0    0    0    0    0   81    0   39   45   88   39
   24   42    0    0   70    0   58    0   31    0    8    0    0   15   75    0    0    0   21    0    0   28   50    0    0   42   47    0   38    0    0    0    0    0    0    0    8   66    0    0   53   75   42   20    0
   60    0   41    0    8    0    0   57    0   47    0   15    0    0   77   14    0    0    0    2    0   29   45   30    0   96   35    0    0    0    0    0   55    0    0    0    0    0    0    0    0    0   89    0   80
    0   95    0    0    0    0    0   26    0    0    0   43    0   91   95   12    0    0    0    0   69   26    0   12   95   33   42    0   97    0    0   55    0   47    0    0    0    0    0    0    0    0   43    2    0
    0  100   16   25    0   90   15   16   99    0   41   95    0    0   19    0   94    0    0    0    0   52   20    0   84   39    0    0    0    0    0    0   47    0   26    0    0    0    0   46    0    0   47   91   91
   24   94    0   71    0   39   10    0    0   52   68    0    0    0  100   55   52   47   77   75    0   48   61   51    0    0   13   42    0    0    0    0    0   26    0    0   59    0   44   10   91    0    8   79    0
   84    0   16   93   88    0    0    0    9    0   73   84   67   68    0    0   77    0   63    6   86    0    0    8    0   55    0    0   43    0    0    0    0    0    0    0   70    0   76    0   42    0   76   30    0
    0    0   11    0    0   24    0   74   78   89   48    0   33    0    0    0    0    0    0   75   19   14   44    0    0    0   40    0   58    0    8    0    0    0   59   70    0    0    0    0   53   42    0   98   96
    3   66    0   35    0   33    0   87    0    0   11    0    0   33    2   74   38    4   67    0   96   44   24    0   70    0   90    9    1    0   66    0    0    0    0    0    0    0    0   31    0    0   47   95    0
    9   43   52    0   51   75    0    0    0    3   86    0    0   95   78   45   98   32   46    0    9    0   86   52    0    0   33   19   44    0    0    0    0    0   44   76    0    0    0   55    8    0   86   18    0
    0    0    0    0   18   62    0    0    0   32   45   59    0   60    0   27   13    0   45   35   23    0    0   41   21   24    0    0   41   81    0    0    0   46   10    0    0   31   55    0    0    0    0   44   46
   16    0   48   90    0    0   69   80   57   98    0    0    1    0   35   96    0    0   32    0    0    7   20   70    5   74    3   22    0    0   53    0    0    0   91   42   53    0    8    0    0    8   45    0   32
    0   99   55   20    0    3    0   75   64   98   38    0    0   82    0    0   85    0    0    0    0    9    0   32   77   73   89   82   37   39   75    0    0    0    0    0   42    0    0    0    8    0    0    0   96
   85   10    7   70   48    0    0    0   53    0   81    0    0    0   91   71    0    0    0   53    0   41   30    0    0   76   66   53    0   45   42   89   43   47    8   76    0   47   86    0   45    0    0   73    0
    7   82   98    0    0    0   88   61   18   81   90   23   76    0   88   29    0    0   91   16    0    0    0    0    0    2   88    0   95   88   20    0    2   91   79   30   98   95   18   44    0    0   73    0    0
   95    0    0    0    0    0    0    0   44   63   89   14    0   27   69    3   23    0    7   75    0    0    0    0    0   39   50    0    0   39    0   80    0   91    0    0   96    0    0   46   32   96    0    0    0
