QBPP_HJ+_45_050_06_2
45 413 128
21 42 50 37 9 32 1 8 20 25 4 2 10 27 18 31 25 41 48 7 18 42 29 27 47 35 38 4 44 39 2 16 6 12 47 22 46 50 36 40 49 22 37 33 38
    0   22   30   47    0    0    0    5   63   57   58    0    0   94    0    0    0    0    0    0    0    0    3   55    0   88    2    0    0    0   94    0    0   85   68    0    7    0    0    0   39    3    1   85    0
   22    0    0   92    0   68    0   47    0   53   75    0    0   84    0    0   53    0    0   75   10    0   22   87   23    0   12    0    0   26    0   67   14   93    0    0    0    0   80   30   51    0    6    0    3
   30    0    0   30    0    0    7   23    0   94    0    0    0    0    0    9   76    0    0   14    0   20   26    0    0   90   84   21    0    0    0   49   23    0    0   56    0    0   79    0   31   88    0   80   94
   47   92   30    0    3    0    0   88    3   37   23   21    0    0   18    0   54    0    0   73    0    0    0    0    8   42    0    0  100   15    0    0    0    0    0    9    0    0   92    0   78   63    0    0   55
    0    0    0    3    0   63    0    0    0    0   79    0    0    0   39    0   44   69   12    0    0    0    0   52    0    0    1    0   68   95   14    0    0    7   66    8   54   54   59   81   63    0   74    0   76
    0   68    0    0   63    0    0   96   34   58    0   96   19   53    0    9    0   75    0    0   58    0   71    0   18    0   61    0    1    0   41   93    0    0    0   57   19   66   88   13    0   91    0    0    0
    0    0    7    0    0    0    0   50   75    0   73    0    0    0    0    0    0    0    0    0   78   78    0   89    0    0    0   94    0    0    0   61   53   70    0    4   91    0    0    0    0    0    0   85   82
    5   47   23   88    0   96   50    0   44   98    0   48    0    0   51   54   69    0   41    0   46    0    0   21    0    0   81   75   79   64   45   93   98   43    0    0    0   49    0   30    0    0    0   36   16
   63    0    0    3    0   34   75   44    0    0   54    0    0   29    0   38   97    0   95    0   66    0    0    0  100    9   86   70    0   25   80    0    0   84    0   21    0    0    8   11    0    0    0    0    0
   57   53   94   37    0   58    0   98    0    0    0    0   16   94    0   85    0   87    0    0    0   97    0   72   16    0   92   50    0   21   17   79    0    0   87    0   93   10    0    3    0    0   50    0    0
   58   75    0   23   79    0   73    0   54    0    0   68    0    0    0   69    0    0    1   58   18    0    0    0   46    0   36    0    0    0    0    0    0   29    2    0    0   46    0   96   48    0    0   32    0
    0    0    0   21    0   96    0   48    0    0   68    0   33    0   42    4   17    0    0    0   50   87   46    0    8   91   54    0    0   19    0   76    0    0    0   95   31   53   71    0   52   41   55   11   88
    0    0    0    0    0   19    0    0    0   16    0   33    0   84    0    0    0    3   84    0    0    0   11    0    0    0   82    4    0    0    4    0    0   99    0    0    9    0    0   95   67   74    0    0    0
   94   84    0    0    0   53    0    0   29   94    0    0   84    0    0    8   36    4   31   94   71   46    0   82    0   60   49    0   25    0   47   14    0   47    0    0   23   25    0   94    0   19   20    0    0
    0    0    0   18   39    0    0   51    0    0    0   42    0    0    0   69   73   32   62   37    0   92   99    0   89    8   39    0   80    0    0   61    0    0    0    0    0    0   28   60   85    2    0    3    8
    0    0    9    0    0    9    0   54   38   85   69    4    0    8   69    0    0   20   26    0    0   93    0    3    0    0    8   40   58   82   35   57    0   68    0    0    0   27   22    0   54  100   73   73    0
    0   53   76   54   44    0    0   69   97    0    0   17    0   36   73    0    0   94   81   16    0    0    0    0    0   23   52   60    0    0    0    1   88    0   72    6    0    0   73   88   53   35   81    0    0
    0    0    0    0   69   75    0    0    0   87    0    0    3    4   32   20   94    0    0    0    0   91    9    0    0   75    0   90   58   56    0    0   34   76    0   71   94    0    0   39    0    0    0   32    0
    0    0    0    0   12    0    0   41   95    0    1    0   84   31   62   26   81    0    0   35   44   72    0    0   68   25    0    0    0    0   92   16    0    0    0    0   15    0    0   80    0   38   36    0    0
    0   75   14   73    0    0    0    0    0    0   58    0    0   94   37    0   16    0   35    0   67   55    0    0   38    0   30   28   68   20    0    0   56    0    9   57    0   67    1   60   60    0    0   65   81
    0   10    0    0    0   58   78   46   66    0   18   50    0   71    0    0    0    0   44   67    0   19    4   90    0   80   74    0   17   47    0    0   54   38    0    5    0    0   21    0   40    0   39    0   86
    0    0   20    0    0    0   78    0    0   97    0   87    0   46   92   93    0   91   72   55   19    0   66   70    0    0    0    0   63   14   79   33    0    0    0   61   69   35   72    0   80  100    0   17    0
    3   22   26    0    0   71    0    0    0    0    0   46   11    0   99    0    0    9    0    0    4   66    0   21    7    0   99    0    0   48    0   68    0   95  100   61    0    0   71    0   99   74    0   71    3
   55   87    0    0   52    0   89   21    0   72    0    0    0   82    0    3    0    0    0    0   90   70   21    0   35    0    5    0   86    2   38   74   38    0    0   45   46   12    0    0    0    0    0   86   73
    0   23    0    8    0   18    0    0  100   16   46    8    0    0   89    0    0    0   68   38    0    0    7   35    0    0    0   18   42   16    0    9    5   48   24   13   21   19    0   50   90    0   98   53   12
   88    0   90   42    0    0    0    0    9    0    0   91    0   60    8    0   23   75   25    0   80    0    0    0    0    0    0   94   25    7    0   44   98   62   63   94   30    0   24    8   66   75   11   26   34
    2   12   84    0    1   61    0   81   86   92   36   54   82   49   39    8   52    0    0   30   74    0   99    5    0    0    0    0    0   12    0    0    0   66    7    0   13    1   32    0    0    8    0   92    0
    0    0   21    0    0    0   94   75   70   50    0    0    4    0    0   40   60   90    0   28    0    0    0    0   18   94    0    0    0   79    0   97   22    0    0    0    0   92   23   23    0   74   64   86    0
    0    0    0  100   68    1    0   79    0    0    0    0    0   25   80   58    0   58    0   68   17   63    0   86   42   25    0    0    0   43   25   24   99   97   17    0    0    0   50   32   65   59    0    0    4
    0   26    0   15   95    0    0   64   25   21    0   19    0    0    0   82    0   56    0   20   47   14   48    2   16    7   12   79   43    0   34   50    0   93    0   40    0   87    0   41   29    0   70   20    0
   94    0    0    0   14   41    0   45   80   17    0    0    4   47    0   35    0    0   92    0    0   79    0   38    0    0    0    0   25   34    0    0   60    0   94   53   51    0    0   94    0    0   63    0   57
    0   67   49    0    0   93   61   93    0   79    0   76    0   14   61   57    1    0   16    0    0   33   68   74    9   44    0   97   24   50    0    0    0   24   84   10    0   74    0    0   75    0    0    0    0
    0   14   23    0    0    0   53   98    0    0    0    0    0    0    0    0   88   34    0   56   54    0    0   38    5   98    0   22   99    0   60    0    0    0    0   39    0   67    0    0    0    0    0    0    0
   85   93    0    0    7    0   70   43   84    0   29    0   99   47    0   68    0   76    0    0   38    0   95    0   48   62   66    0   97   93    0   24    0    0    0    0    0    0    7    0   66    0    0    0    0
   68    0    0    0   66    0    0    0    0   87    2    0    0    0    0    0   72    0    0    9    0    0  100    0   24   63    7    0   17    0   94   84    0    0    0    0    0   31   88   31    0    0   49    0    0
    0    0   56    9    8   57    4    0   21    0    0   95    0    0    0    0    6   71    0   57    5   61   61   45   13   94    0    0    0   40   53   10   39    0    0    0    0    0    0   61   37    0    0    0   67
    7    0    0    0   54   19   91    0    0   93    0   31    9   23    0    0    0   94   15    0    0   69    0   46   21   30   13    0    0    0   51    0    0    0    0    0    0   96   36   21   70   15   21   55   35
    0    0    0    0   54   66    0   49    0   10   46   53    0   25    0   27    0    0    0   67    0   35    0   12   19    0    1   92    0   87    0   74   67    0   31    0   96    0   20   54    0   30   93    0    0
    0   80   79   92   59   88    0    0    8    0    0   71    0    0   28   22   73    0    0    1   21   72   71    0    0   24   32   23   50    0    0    0    0    7   88    0   36   20    0    0    8    0    0    9    0
    0   30    0    0   81   13    0   30   11    3   96    0   95   94   60    0   88   39   80   60    0    0    0    0   50    8    0   23   32   41   94    0    0    0   31   61   21   54    0    0    0    0    0   20   60
   39   51   31   78   63    0    0    0    0    0   48   52   67    0   85   54   53    0    0   60   40   80   99    0   90   66    0    0   65   29    0   75    0   66    0   37   70    0    8    0    0   86    0    0   91
    3    0   88   63    0   91    0    0    0    0    0   41   74   19    2  100   35    0   38    0    0  100   74    0    0   75    8   74   59    0    0    0    0    0    0    0   15   30    0    0   86    0    0    0   28
    1    6    0    0   74    0    0    0    0   50    0   55    0   20    0   73   81    0   36    0   39    0    0    0   98   11    0   64    0   70   63    0    0    0   49    0   21   93    0    0    0    0    0    0   87
   85    0   80    0    0    0   85   36    0    0   32   11    0    0    3   73    0   32    0   65    0   17   71   86   53   26   92   86    0   20    0    0    0    0    0    0   55    0    9   20    0    0    0    0    0
    0    3   94   55   76    0   82   16    0    0    0   88    0    0    8    0    0    0    0   81   86    0    3   73   12   34    0    0    4    0   57    0    0    0    0   67   35    0    0   60   91   28   87    0    0
