QBPP_HJ+_45_075_10_2
45 210 854
2 11 34 8 32 12 3 5 31 12 11 2 2 2 8 49 39 5 42 31 5 15 20 49 26 47 42 25 19 49 11 31 32 31 43 30 29 32 31 13 26 33 22 3 45
    0   25   11   45    0   43    0   27   49   94   90   92  100   39   16   10   94    0   65   66    0   54    0    7    0   73   68    0   79   37    0   90   76   70    0   82   98   75    6   17   44   32   65   96   47
   25    0    0   72    9    0    0    5    0    3   87   55   11    0   83   13    6   55   46   95    0   74    4    2   67    0   62    0   11    0   74   14   64   90   32   67   50   30   77   34    0   18   53   56   20
   11    0    0   83    7   54   92    0   63    9   17   44   39   18   34   93    0    0   35    0   19   60   86   16   23   28   51    0   60   64    0   28   82   89   56    0   76    0   74    0    0    0    8   31    0
   45   72   83    0    0    3   10   48    0   97   62   45    0   22   84   43   75    0   51   96    0    0   83   95   38    6   78    0   95    0   23   56   60   22    0    0   95   42    0   16   49   41   94   60   48
    0    9    7    0    0   82   69    2   40    0   67   86    0   48    0   55   10   81   40    0    7    5    0    0   54    0   46   51   87   82   48    0   82    0   73   13   34   13    0   69   75  100    0    0   75
   43    0   54    3   82    0   86   12   64   76   62   71    0   42    0   43   59    1    0   83   20    0   66    0   27   83    0   43   23    0   80   69   13   80   99   63   13   75   15   90   63   19   13   47   97
    0    0   92   10   69   86    0   74    0   59   15    0   36   64   96   57   51   25   22    0    0   10    7    0   12   97   63    0   11   68    9   83   81   59    0   55   44   18   53   23   71   22   11   48   43
   27    5    0   48    2   12   74    0   95   57   10   71    2   40   75   60   13   37   27    0   12   39   97   44   27   81   12   92   70   46   18   50    0   28    0   12   96    0    0    0    0   43    5   33    7
   49    0   63    0   40   64    0   95    0   25    9    0   14   14    2   97   63    0    0   11   61   90   48    0   71   69   55    0    0   25   80    3    0   62   85   26    0   10   94   35   94   26   64    0   45
   94    3    9   97    0   76   59   57   25    0   66   19    0   76    0   89    0   13   39   36   91    0   62   70    0    0   84   20   42   65   44   51   13    0   56   29   40   93   22   20    0    0    0    0   35
   90   87   17   62   67   62   15   10    9   66    0   75   68  100   61   67    0   14   71   65   76    6   42    7    0   86   13    0   87   34    0   47   82   42    0   75   49    0    0   53   72    0   32   89   45
   92   55   44   45   86   71    0   71    0   19   75    0   35    0   61   98   41    0   60    0   37   38    0   47   29   34    0    1   40   78    0   65    0    0    0   80   21   34   17   57   48   74    0   58   16
  100   11   39    0    0    0   36    2   14    0   68   35    0   26   51   80   76   40   52    0    0   28   17   72    0    0   22   83   33    0    0    0    0    2   70   71    0   37   84   34    0   94   30    7   12
   39    0   18   22   48   42   64   40   14   76  100    0   26    0    0   60   46   35   25   95   85    0   58   84    0   68   78   84    0    0    1   10   86   67   64   20   75    7   61    0   88   42    0   82   68
   16   83   34   84    0    0   96   75    2    0   61   61   51    0    0   88    0   52   11    0   35    9    0    0   64   43   41   19   43   91   44   30   45   96    0   35   52    0   53    0    0   37    0   60   62
   10   13   93   43   55   43   57   60   97   89   67   98   80   60   88    0    0    0   50   67    2   41   48   89   98   82    0   20   12   61   66   49   32    0    0   51   12   57   32    0    0   41   35   15   58
   94    6    0   75   10   59   51   13   63    0    0   41   76   46    0    0    0    0   54   47   57   57  100   13   35   26    0   76   82    8    8   16   62   69    2   82   90   43    8   84   38   83   61   54   92
    0   55    0    0   81    1   25   37    0   13   14    0   40   35   52    0    0    0   47   51   81   53   11   31   59   44   96   48    0    0   19   67   78   58   95   87   55   51    0    0   86   51   73   85    0
   65   46   35   51   40    0   22   27    0   39   71   60   52   25   11   50   54   47    0   33   50    9   34   16   87   78   87   46    0    0   15    0   30    0    0    0    0    0   99    0   50    0    0   15   49
   66   95    0   96    0   83    0    0   11   36   65    0    0   95    0   67   47   51   33    0   57   70    1    4    0    0    0   22    0    0   11   41   37   91   72    0   43   28   44   60   11   75   76    9   41
    0    0   19    0    7   20    0   12   61   91   76   37    0   85   35    2   57   81   50   57    0   34   15   17    0   41    0   68   43   61    0   90   76   73    0   80   44   78   56   81   85   88   54   68    0
   54   74   60    0    5    0   10   39   90    0    6   38   28    0    9   41   57   53    9   70   34    0   10   91   70   48   92   86   74   49   49   26    0   42   90   85   30    5   31   74   90   43   19   98    0
    0    4   86   83    0   66    7   97   48   62   42    0   17   58    0   48  100   11   34    1   15   10    0   21    0   85    6    0   81   10   49   69    0    0   22   72  100    7   89   19   58   99   78   27   22
    7    2   16   95    0    0    0   44    0   70    7   47   72   84    0   89   13   31   16    4   17   91   21    0    0   55    0   80   18   38    0   62   71    0   22   22   57    0    0   30   43    0    6   78    0
    0   67   23   38   54   27   12   27   71    0    0   29    0    0   64   98   35   59   87    0    0   70    0    0    0    7    0   44   37   40   57   90   79   53   23   34    8   97   28   69   31   69   97   62   81
   73    0   28    6    0   83   97   81   69    0   86   34    0   68   43   82   26   44   78    0   41   48   85   55    7    0    0   41    0   62    1   10   79   43   87   82    0   55   12   19   15    0   66   54    0
   68   62   51   78   46    0   63   12   55   84   13    0   22   78   41    0    0   96   87    0    0   92    6    0    0    0    0   65   66   47    0    0    0   75   69   68   29   44   84   73    0   13   45   83   52
    0    0    0    0   51   43    0   92    0   20    0    1   83   84   19   20   76   48   46   22   68   86    0   80   44   41   65    0    0    0    0   38   41   49   31   33   23   69    0   81    0    0    0    4   20
   79   11   60   95   87   23   11   70    0   42   87   40   33    0   43   12   82    0    0    0   43   74   81   18   37    0   66    0    0   59   93    0   54   72   13   55    0    0   56    0   65   12   34   45   74
   37    0   64    0   82    0   68   46   25   65   34   78    0    0   91   61    8    0    0    0   61   49   10   38   40   62   47    0   59    0   39   45   87   81   62   95    0   60   96    4   41   46   68   53    0
    0   74    0   23   48   80    9   18   80   44    0    0    0    1   44   66    8   19   15   11    0   49   49    0   57    1    0    0   93   39    0   15    0    0   43   93    0   69    0   62    0   82   95   89    0
   90   14   28   56    0   69   83   50    3   51   47   65    0   10   30   49   16   67    0   41   90   26   69   62   90   10    0   38    0   45   15    0    2    5   42   54   89   68   29   33   14   51    0   23   49
   76   64   82   60   82   13   81    0    0   13   82    0    0   86   45   32   62   78   30   37   76    0    0   71   79   79    0   41   54   87    0    2    0   51   53    0   76   42   43   58   98    3   49   61   34
   70   90   89   22    0   80   59   28   62    0   42    0    2   67   96    0   69   58    0   91   73   42    0    0   53   43   75   49   72   81    0    5   51    0    0    0   90   70   26    0   79  100   69   66    0
    0   32   56    0   73   99    0    0   85   56    0    0   70   64    0    0    2   95    0   72    0   90   22   22   23   87   69   31   13   62   43   42   53    0    0   25   33   49    0    0   62   34    5   81   86
   82   67    0    0   13   63   55   12   26   29   75   80   71   20   35   51   82   87    0    0   80   85   72   22   34   82   68   33   55   95   93   54    0    0   25    0   70   59    0   64   33    0    2   31   88
   98   50   76   95   34   13   44   96    0   40   49   21    0   75   52   12   90   55    0   43   44   30  100   57    8    0   29   23    0    0    0   89   76   90   33   70    0    0    0    0   30   76   54   35    0
   75   30    0   42   13   75   18    0   10   93    0   34   37    7    0   57   43   51    0   28   78    5    7    0   97   55   44   69    0   60   69   68   42   70   49   59    0    0   29    0   47   23   93   76   82
    6   77   74    0    0   15   53    0   94   22    0   17   84   61   53   32    8    0   99   44   56   31   89    0   28   12   84    0   56   96    0   29   43   26    0    0    0   29    0    0   62   97   49   27   92
   17   34    0   16   69   90   23    0   35   20   53   57   34    0    0    0   84    0    0   60   81   74   19   30   69   19   73   81    0    4   62   33   58    0    0   64    0    0    0    0   94   76   45   53   47
   44    0    0   49   75   63   71    0   94    0   72   48    0   88    0    0   38   86   50   11   85   90   58   43   31   15    0    0   65   41    0   14   98   79   62   33   30   47   62   94    0    9   70   43    0
   32   18    0   41  100   19   22   43   26    0    0   74   94   42   37   41   83   51    0   75   88   43   99    0   69    0   13    0   12   46   82   51    3  100   34    0   76   23   97   76    9    0   13   75   31
   65   53    8   94    0   13   11    5   64    0   32    0   30    0    0   35   61   73    0   76   54   19   78    6   97   66   45    0   34   68   95    0   49   69    5    2   54   93   49   45   70   13    0   99    0
   96   56   31   60    0   47   48   33    0    0   89   58    7   82   60   15   54   85   15    9   68   98   27   78   62   54   83    4   45   53   89   23   61   66   81   31   35   76   27   53   43   75   99    0   35
   47   20    0   48   75   97   43    7   45   35   45   16   12   68   62   58   92    0   49   41    0    0   22    0   81    0   52   20   74    0    0   49   34    0   86   88    0   82   92   47    0   31    0   35    0
