QBPP_HJ+_45_050_10_3
45 215 530
11 2 9 29 50 29 8 1 43 16 28 8 4 22 21 37 46 28 25 30 26 38 8 46 48 30 27 3 7 4 21 17 30 9 18 1 46 31 15 31 25 36 41 21 46
    0    0    0   84    0    0   30    0    0   94   44    0    0    1    0   29    0    0   70   59    0    0    0   77   64    0    0   96    0    0    0    0    0    0   75    0   17    7   55   10   78    0   79    0    0
    0    0    0    0    0    0    0   81    2    4    0    0    0   71   93   46   22    0   93    0    0    0    0    0    0   19   49   43    0   46   16    0   39    0    0   43   86  100    9   58   96   76   90    0   98
    0    0    0   91   29    0    7   80   18    0    0   29   16    0    8    0    7    0   45   19   10    3    0    0    0    0   22   54    0    0   12    0    0    0    0   31    0    0   27   48    0   31   18   27   62
   84    0   91    0   91   70    0   19   47   81    0    0   91   29    0    0   33    0   33   57   88    0    0   70   72   67    0   86    0  100   85    0    0   12   53   69    9    0    0   76   39    0    0    0   36
    0    0   29   91    0    0    0    0    0   29    0    0   66    0    0   13    0    0   22   85    0    0    0    0    0   35   62    0    0    0    0    0   12    0    0    0    0    0    0   17    0   66    0   80    0
    0    0    0   70    0    0   14    0    0   87   62   51    0    0    0   48    0    1    0    0    0    2    0   23   61    0   61    0   58   77   59   67   69    0   13    0    0   14    0   61    0    0    0   65    0
   30    0    7    0    0   14    0    0   28    0    0    0    0   96    0   93    3   30    0    0    0   81   16   87    0    1   65    0    6    0    0    0    6    0    0   73    0    0   48   33   48   32    0    0   83
    0   81   80   19    0    0    0    0   51    0   71    0   52    0    0    0    4    0    0    6    0   74    0    0   18    0    0    0   78    7   36   26   70   23  100   31    9    0   49   27    0    0   36    0    0
    0    2   18   47    0    0   28   51    0    0   24    0    0   12   51   88   43   80   76   56    0    0   99   94   20    0   11    0   87    0    0    0    0    0    0    0   73    0   35    4    0    0    0   81    0
   94    4    0   81   29   87    0    0    0    0    0    0    0    0   23    0   45    0    0    0   92    0   43    0   86   94    0   25    0   88   41    0   54    0   37   58    0   52    0    0   35   41   13   76   43
   44    0    0    0    0   62    0   71   24    0    0    0   66    0   50   36    0    0   24    0   93    0    0   82    0   98    0    0    0   89    0   25    0    0    0   71    0    0    0    0   77   67    0   89    0
    0    0   29    0    0   51    0    0    0    0    0    0   95    0    0   48    0    0   54   91    0   46    9   14    0   10    0   29    0   27    0    0    0    0   56   92   96    7    0    0    0    0    0   82   20
    0    0   16   91   66    0    0   52    0    0   66   95    0   58    0    0   62    0   70    0   41   50   28    0   40    0    0    0    0    0    0   71    0    0    0    0    2    0   64    0    0   89    0    0   23
    1   71    0   29    0    0   96    0   12    0    0    0   58    0   95   33   25    0    0    0    0   17   71    0    0    0   14    0    0  100   84    3    0   40   51    0   35    0    0    0    0    0    8    0   60
    0   93    8    0    0    0    0    0   51   23   50    0    0   95    0    0   42    0   35    0   21    0    0   15    0    0   65    0    0    0   42    0    0    0   11   68   90    0    0    0    1   58   45   74    5
   29   46    0    0   13   48   93    0   88    0   36   48    0   33    0    0    0    0   87    0   27    0   68    0    0    0   27   56    0    0    0    8    0    0    0    0   85    0   85    0   90   18   15   16    0
    0   22    7   33    0    0    3    4   43   45    0    0   62   25   42    0    0    0    0    0    0   43   23    0    0   51   88    0   82   19    0    0    0    0   48    0    0    0   95    0   95    0    0   63    0
    0    0    0    0    0    1   30    0   80    0    0    0    0    0    0    0    0    0   63    0    0    0    0   20    0    0   68   71    3    0   84    0    0   25   62   25   37   28   67   89   76    0   56    0   60
   70   93   45   33   22    0    0    0   76    0   24   54   70    0   35   87    0   63    0   38    0    0    0    0   45   97    0    0   45    0   56    0   48   43    0   71    0    0    0   97   41   46    0   33    0
   59    0   19   57   85    0    0    6   56    0    0   91    0    0    0    0    0    0   38    0   91    0   96    0   29   99   38   28    0    0   96   10    0   14    0    0   77    0    0    0   46    0   48   82    0
    0    0   10   88    0    0    0    0    0   92   93    0   41    0   21   27    0    0    0   91    0    0    0   43    0    4    0    0    0   38   33   95    0    0    6    6    0   36   21   66   89   28   60   79    0
    0    0    3    0    0    2   81   74    0    0    0   46   50   17    0    0   43    0    0    0    0    0    0    0    0    0    0    0    0    0   73    0   74   64   28   91   44   35    0    0    0   90   41    0    0
    0    0    0    0    0    0   16    0   99   43    0    9   28   71    0   68   23    0    0   96    0    0    0    0    2    0   61   41   90    0    0    0   31    0    0   71   51   37   25    0    0    0    0    0    4
   77    0    0   70    0   23   87    0   94    0   82   14    0    0   15    0    0   20    0    0   43    0    0    0   52   92   82    0    0    0    0    0   29   34    8    0   51    0    0   96    0    0   92    0    0
   64    0    0   72    0   61    0   18   20   86    0    0   40    0    0    0    0    0   45   29    0    0    2   52    0    0   27   50    0   47   54    0   31   42   91    7    0    0   32   95    0   54    0    0    0
    0   19    0   67   35    0    1    0    0   94   98   10    0    0    0    0   51    0   97   99    4    0    0   92    0    0    0    0    1    0    0   85    0   74   23   97   91    0    0    0    7    0    0    0   57
    0   49   22    0   62   61   65    0   11    0    0    0    0   14   65   27   88   68    0   38    0    0   61   82   27    0    0    0    7   73    0    0   45    0    0   13    0    0   83   81    0   37    0    0  100
   96   43   54   86    0    0    0    0    0   25    0   29    0    0    0   56    0   71    0   28    0    0   41    0   50    0    0    0    0   76    0    0   59    0    0   26    0   13   86   74    0    0   46   62   10
    0    0    0    0    0   58    6   78   87    0    0    0    0    0    0    0   82    3   45    0    0    0   90    0    0    1    7    0    0    0    0    0   80    0    0   15    4    0    0    0   62    0    0    0   75
    0   46    0  100    0   77    0    7    0   88   89   27    0  100    0    0   19    0    0    0   38    0    0    0   47    0   73   76    0    0   40   22    0   87    0    0    1   86    0    0    0   66    0    0    9
    0   16   12   85    0   59    0   36    0   41    0    0    0   84   42    0    0   84   56   96   33   73    0    0   54    0    0    0    0   40    0   73   20    0    0   55   16   27    0    0   48    0   54    0    0
    0    0    0    0    0   67    0   26    0    0   25    0   71    3    0    8    0    0    0   10   95    0    0    0    0   85    0    0    0   22   73    0   32   26   16    0    0   93   57   25    1   68    0    0    0
    0   39    0    0   12   69    6   70    0   54    0    0    0    0    0    0    0    0   48    0    0   74   31   29   31    0   45   59   80    0   20   32    0   76   39    0    0   62    0    0   25   37    0   69   43
    0    0    0   12    0    0    0   23    0    0    0    0    0   40    0    0    0   25   43   14    0   64    0   34   42   74    0    0    0   87    0   26   76    0    0    0   56    0   34   95   60    0   77   72   63
   75    0    0   53    0   13    0  100    0   37    0   56    0   51   11    0   48   62    0    0    6   28    0    8   91   23    0    0    0    0    0   16   39    0    0   80   34    0    0   55   65   40    0   45   44
    0   43   31   69    0    0   73   31    0   58   71   92    0    0   68    0    0   25   71    0    6   91   71    0    7   97   13   26   15    0   55    0    0    0   80    0   67   49    0   97   12    0    0   69    0
   17   86    0    9    0    0    0    9   73    0    0   96    2   35   90   85    0   37    0   77    0   44   51   51    0   91    0    0    4    1   16    0    0   56   34   67    0    0    3   24   15    0   77   35    0
    7  100    0    0    0   14    0    0    0   52    0    7    0    0    0    0    0   28    0    0   36   35   37    0    0    0    0   13    0   86   27   93   62    0    0   49    0    0    0    0   53    0    0   46   14
   55    9   27    0    0    0   48   49   35    0    0    0   64    0    0   85   95   67    0    0   21    0   25    0   32    0   83   86    0    0    0   57    0   34    0    0    3    0    0   79   61    0   77   48   54
   10   58   48   76   17   61   33   27    4    0    0    0    0    0    0    0    0   89   97    0   66    0    0   96   95    0   81   74    0    0    0   25    0   95   55   97   24    0   79    0   22    0   25    0    0
   78   96    0   39    0    0   48    0    0   35   77    0    0    0    1   90   95   76   41   46   89    0    0    0    0    7    0    0   62    0   48    1   25   60   65   12   15   53   61   22    0   83   62   48    0
    0   76   31    0   66    0   32    0    0   41   67    0   89    0   58   18    0    0   46    0   28   90    0    0   54    0   37    0    0   66    0   68   37    0   40    0    0    0    0    0   83    0    2  100   65
   79   90   18    0    0    0    0   36    0   13    0    0    0    8   45   15    0   56    0   48   60   41    0   92    0    0    0   46    0    0   54    0    0   77    0    0   77    0   77   25   62    2    0    4   82
    0    0   27    0   80   65    0    0   81   76   89   82    0    0   74   16   63    0   33   82   79    0    0    0    0    0    0   62    0    0    0    0   69   72   45   69   35   46   48    0   48  100    4    0   84
    0   98   62   36    0    0   83    0    0   43    0   20   23   60    5    0    0   60    0    0    0    0    4    0    0   57  100   10   75    9    0    0   43   63   44    0    0   14   54    0    0   65   82   84    0
