QBPP_HJ-_40_050_06_4
40 367 130
6 46 38 6 41 30 35 4 24 46 34 50 40 27 50 11 12 42 17 43 1 10 36 8 21 33 47 13 13 45 34 33 39 13 5 38 32 30 34 12
     0   -93   -57     0   -76   -19   -87     0   -48   -48   -93   -76     0    -5   -61   -99   -72    -1     0   -91     0   -32   -19     0   -91   -38   -79   -99   -23     0    -2     0   -84     0     0   -68   -59     0     0     0
   -93     0   -22   -88   -76   -63   -51     0   -90     0   -19   -37     0   -98   -33   -39   -34     0    -6   -77     0   -27   -48     0   -14     0     0     0   -87   -85     0   -63   -33   -84   -46     0   -64   -59   -66     0
   -57   -22     0   -61     0     0     0     0     0   -89     0   -91   -14     0    -6     0     0     0    -6     0   -63     0     0   -22   -40     0     0     0   -57     0     0  -100   -78     0   -69     0   -25     0     0     0
     0   -88   -61     0     0     0     0     0     0     0   -32     0     0     0     0     0   -46     0    -8   -33   -84    -7     0    -9   -99   -18   -96     0    -8  -100   -72   -60   -24   -15     0   -45     0     0   -37   -35
   -76   -76     0     0     0     0     0   -10     0   -41     0   -85     0   -67   -82   -82   -84   -43   -45     0     0     0   -30    -9     0     0   -90   -75     0   -25     0     0   -78   -13   -93     0   -10  -100     0     0
   -19   -63     0     0     0     0   -43    -1     0   -75   -43   -91   -43   -75   -41     0   -29     0   -60     0     0     0     0   -64   -64     0   -17   -20    -3     0   -13     0   -23     0   -77     0     0     0   -24   -26
   -87   -51     0     0     0   -43     0     0   -52   -87   -17   -27     0     0   -87   -68     0     0     0     0   -41     0    -2     0     0     0   -97   -43     0     0     0     0   -69     0     0   -40     0   -76     0     0
     0     0     0     0   -10    -1     0     0   -34   -74   -75     0     0   -59   -25     0     0   -33     0    -9   -24    -8     0     0     0     0     0   -83     0     0     0     0     0     0     0   -61     0   -38     0   -75
   -48   -90     0     0     0     0   -52   -34     0   -58    -3   -93     0     0   -94   -84     0   -75   -74     0     0     0   -64     0     0    -9   -35   -27     0     0   -69     0   -94   -61     0     0   -11     0    -2     0
   -48     0   -89     0   -41   -75   -87   -74   -58     0     0     0     0   -47   -93   -47    -3   -98     0     0     0   -97     0   -70   -58   -32     0     0   -74     0    -2   -19   -53   -36     0     0   -45   -20     0   -37
   -93   -19     0   -32     0   -43   -17   -75    -3     0     0     0     0   -92     0     0   -52   -58     0     0     0     0     0   -83     0   -56   -35   -58     0   -91     0     0     0     0   -39     0   -21     0   -13     0
   -76   -37   -91     0   -85   -91   -27     0   -93     0     0     0  -100   -23     0     0   -31   -75   -87     0   -41   -34     0   -85   -93   -76     0   -80   -42     0   -47     0     0   -86     0     0   -42   -16   -62   -51
     0     0   -14     0     0   -43     0     0     0     0     0  -100     0    -9   -91     0   -36     0     0     0   -83    -2   -19     0    -9   -35   -12     0     0     0     0     0   -73    -1     0     0     0     0     0     0
    -5   -98     0     0   -67   -75     0   -59     0   -47   -92   -23    -9     0     0     0   -12   -97     0     0   -36     0   -84   -11     0     0   -22   -99     0     0   -19   -42   -62   -87     0     0   -12   -61   -58   -28
   -61   -33    -6     0   -82   -41   -87   -25   -94   -93     0     0   -91     0     0     0   -90   -48     0     0   -89    -9   -18   -42   -57     0     0     0     0     0     0     0   -82     0     0   -32     0     0   -75     0
   -99   -39     0     0   -82     0   -68     0   -84   -47     0     0     0     0     0     0  -100   -67     0   -84   -78     0     0     0     0     0     0     0     0     0   -31   -59     0     0   -67     0   -92     0     0   -37
   -72   -34     0   -46   -84   -29     0     0     0    -3   -52   -31   -36   -12   -90  -100     0   -86   -67     0     0     0   -92   -81   -73   -19   -56     0     0     0   -11   -64     0   -91     0     0   -45     0     0     0
    -1     0     0     0   -43     0     0   -33   -75   -98   -58   -75     0   -97   -48   -67   -86     0     0     0   -77   -22   -17     0   -30   -35     0     0     0   -56     0   -55     0   -37   -88     0     0     0     0   -30
     0    -6    -6    -8   -45   -60     0     0   -74     0     0   -87     0     0     0     0   -67     0     0   -28     0   -61   -87     0     0     0     0   -68   -63     0     0     0     0     0   -89   -11     0   -54     0     0
   -91   -77     0   -33     0     0     0    -9     0     0     0     0     0     0     0   -84     0     0   -28     0   -65     0     0   -16   -96   -61   -78    -6   -12     0     0     0   -56     0   -99    -7     0   -63   -68     0
     0     0   -63   -84     0     0   -41   -24     0     0     0   -41   -83   -36   -89   -78     0   -77     0   -65     0   -54   -22     0   -37   -17   -84     0     0   -42     0   -70     0     0   -88   -31     0   -99     0   -99
   -32   -27     0    -7     0     0     0    -8     0   -97     0   -34    -2     0    -9     0     0   -22   -61     0   -54     0   -96     0   -86     0   -72   -81   -80     0     0     0   -47     0     0    -7    -4     0   -21     0
   -19   -48     0     0   -30     0    -2     0   -64     0     0     0   -19   -84   -18     0   -92   -17   -87     0   -22   -96     0     0     0     0     0     0   -30   -34     0   -77   -82   -11     0     0     0    -2     0     0
     0     0   -22    -9    -9   -64     0     0     0   -70   -83   -85     0   -11   -42     0   -81     0     0   -16     0     0     0     0   -63     0   -64     0   -57   -19   -22     0   -87   -74     0   -48     0   -52     0   -62
   -91   -14   -40   -99     0   -64     0     0     0   -58     0   -93    -9     0   -57     0   -73   -30     0   -96   -37   -86     0   -63     0     0   -61   -35     0   -83     0     0   -15   -60   -61   -27     0   -67     0     0
   -38     0     0   -18     0     0     0     0    -9   -32   -56   -76   -35     0     0     0   -19   -35     0   -61   -17     0     0     0     0     0     0   -85     0     0   -36     0     0     0   -99     0     0   -30     0   -85
   -79     0     0   -96   -90   -17   -97     0   -35     0   -35     0   -12   -22     0     0   -56     0     0   -78   -84   -72     0   -64   -61     0     0   -12     0   -21   -20     0   -25   -62   -65   -94     0     0   -63     0
   -99     0     0     0   -75   -20   -43   -83   -27     0   -58   -80     0   -99     0     0     0     0   -68    -6     0   -81     0     0   -35   -85   -12     0     0     0     0     0     0   -52   -54     0   -83   -95   -89   -41
   -23   -87   -57    -8     0    -3     0     0     0   -74     0   -42     0     0     0     0     0     0   -63   -12     0   -80   -30   -57     0     0     0     0     0     0   -84     0   -85   -66   -29   -34     0   -95   -78     0
     0   -85     0  -100   -25     0     0     0     0     0   -91     0     0     0     0     0     0   -56     0     0   -42     0   -34   -19   -83     0   -21     0     0     0     0     0   -35     0     0   -17   -80   -96     0   -31
    -2     0     0   -72     0   -13     0     0   -69    -2     0   -47     0   -19     0   -31   -11     0     0     0     0     0     0   -22     0   -36   -20     0   -84     0     0   -21     0   -51   -99     0     0   -57   -34   -22
     0   -63  -100   -60     0     0     0     0     0   -19     0     0     0   -42     0   -59   -64   -55     0     0   -70     0   -77     0     0     0     0     0     0     0   -21     0     0   -21     0     0   -42     0   -47     0
   -84   -33   -78   -24   -78   -23   -69     0   -94   -53     0     0   -73   -62   -82     0     0     0     0   -56     0   -47   -82   -87   -15     0   -25     0   -85   -35     0     0     0     0     0     0   -84    -8     0   -95
     0   -84     0   -15   -13     0     0     0   -61   -36     0   -86    -1   -87     0     0   -91   -37     0     0     0     0   -11   -74   -60     0   -62   -52   -66     0   -51   -21     0     0     0     0     0   -69   -16     0
     0   -46   -69     0   -93   -77     0     0     0     0   -39     0     0     0     0   -67     0   -88   -89   -99   -88     0     0     0   -61   -99   -65   -54   -29     0   -99     0     0     0     0   -94   -27     0     0     0
   -68     0     0   -45     0     0   -40   -61     0     0     0     0     0     0   -32     0     0     0   -11    -7   -31    -7     0   -48   -27     0   -94     0   -34   -17     0     0     0     0   -94     0     0     0     0     0
   -59   -64   -25     0   -10     0     0     0   -11   -45   -21   -42     0   -12     0   -92   -45     0     0     0     0    -4     0     0     0     0     0   -83     0   -80     0   -42   -84     0   -27     0     0   -48   -10     0
     0   -59     0     0  -100     0   -76   -38     0   -20     0   -16     0   -61     0     0     0     0   -54   -63   -99     0    -2   -52   -67   -30     0   -95   -95   -96   -57     0    -8   -69     0     0   -48     0     0   -18
     0   -66     0   -37     0   -24     0     0    -2     0   -13   -62     0   -58   -75     0     0     0     0   -68     0   -21     0     0     0     0   -63   -89   -78     0   -34   -47     0   -16     0     0   -10     0     0   -26
     0     0     0   -35     0   -26     0   -75     0   -37     0   -51     0   -28     0   -37     0   -30     0     0   -99     0     0   -62     0   -85     0   -41     0   -31   -22     0   -95     0     0     0     0   -18   -26     0
