QBPP_HJ+_25_050_06_3
25 203 107
34 16 48 12 18 32 12 44 6 12 12 7 34 48 48 43 5 39 5 40 47 10 8 13 14
    0    0   69    5    0   93    0   71   45   17    0    0   40    0    0    0   84    0    0   90    0   31    0   46    0
    0    0    0    0    0   96    0   60    0  100    0    0    0    0   49   90   71   28   41    0   79    9   90    0    9
   69    0    0    0   22    0    0    0   71   72    0    0    0   47   82    0    0   21    0    0    0    0   54    0    0
    5    0    0    0   90   54    0    0    9   62    0   41    0   77   65    0    0    0    0   15    0    0    0   40    0
    0    0   22   90    0   36   53    0    0   69   44   97   91    0   93   42    0   39   82    0   38   22    7    9    0
   93   96    0   54   36    0    0   49    0   39    0    0    0    0   16   38   73    0   76    0    0    0    0    0    0
    0    0    0    0   53    0    0   45    1    0   28    0    0   16    0    9    0   20    0    0   18    0    0    0   82
   71   60    0    0    0   49   45    0    0    0    0   28   63   75    0   46   52   61    1    0    0    0    0    0    1
   45    0   71    9    0    0    1    0    0    0   16    9    0   19   91   47    0   43    0    0   11    0   39    0   29
   17  100   72   62   69   39    0    0    0    0   62   64   40    0   73   88   58    0   70    0    0    0   65    0   69
    0    0    0    0   44    0   28    0   16   62    0    0    0   35    0   71    0   37    0   47   71    0   10    0   67
    0    0    0   41   97    0    0   28    9   64    0    0   34    0    0    4   49    0   89   47   51    0    0    8    0
   40    0    0    0   91    0    0   63    0   40    0   34    0   10    0    0   73    0   94    0   49    0   47    0   70
    0    0   47   77    0    0   16   75   19    0   35    0   10    0    0   34    0    0    0    0    0    0    0   50   48
    0   49   82   65   93   16    0    0   91   73    0    0    0    0    0   87    0   10   55    0    0    0    0    0    0
    0   90    0    0   42   38    9   46   47   88   71    4    0   34   87    0   89    0   85   80   15    0    5    8    0
   84   71    0    0    0   73    0   52    0   58    0   49   73    0    0   89    0    0   18    0   94   82   61    0    0
    0   28   21    0   39    0   20   61   43    0   37    0    0    0   10    0    0    0    0   61   74    0    0   32   44
    0   41    0    0   82   76    0    1    0   70    0   89   94    0   55   85   18    0    0   12   80   92   17    0   27
   90    0    0   15    0    0    0    0    0    0   47   47    0    0    0   80    0   61   12    0    0    0    0    0   56
    0   79    0    0   38    0   18    0   11    0   71   51   49    0    0   15   94   74   80    0    0    0   27    0    0
   31    9    0    0   22    0    0    0    0    0    0    0    0    0    0    0   82    0   92    0    0    0   18    6    1
    0   90   54    0    7    0    0    0   39   65   10    0   47    0    0    5   61    0   17    0   27   18    0    0   11
   46    0    0   40    9    0    0    0    0    0    0    8    0   50    0    8    0   32    0    0    0    6    0    0    0
    0    9    0    0    0    0   82    1   29   69   67    0   70   48    0    0    0   44   27   56    0    1   11    0    0
