QBPP_HJ*_30_050_06_4
30 231 4
18 7 15 17 49 40 1 34 30 17 28 9 28 23 22 36 45 27 34 5 7 48 32 15 33 25 6 5 4 33
    0    0    0    0   48  -37   19   40   22    0   11    0    0    0   21  -31  -24    0   34    0   -4   11    0    0   29   26  -41   40    9    0
    0    0    0   23    0   -6  -10    3  -17    0    0   40  -33    0    0  -18  -30    0  -23    0   34    0    0  -47    8    0    0   -4   34   30
    0    0    0    0   36    0    0    0  -47  -28   45    0  -46    0    0   11    9    0   13    0  -21   21   13  -29    0    0   27  -35    0    0
    0   23    0    0    0   40   37   48   -4    8   24    0   18    0    0  -42    7    0  -28  -32    0    0    0    6  -42   21    0    0    0    0
   48    0   36    0    0   13   -1    8    0    1    0   49    0   -1    0    0    0   26    0  -40    0    0    0    0    0  -11  -33    0   18    0
  -37   -6    0   40   13    0   -4   42  -20    0    0    0    0    0   46    0  -33  -27    7   50  -35    0    0   17    0    0   -1  -10    0  -42
   19  -10    0   37   -1   -4    0    0    0   49    0    0   23  -28   45    0   33   13    0   -7    0    0  -32    0   16  -30    0    0    0  -44
   40    3    0   48    8   42    0    0    0    0    0    0  -19   38    0    0  -15   39   12    0    0    0   12    5    6   39    0    0    0  -44
   22  -17  -47   -4    0  -20    0    0    0  -32    0    0    0  -47  -20  -44    0  -21   27    0  -37    0  -39    0  -29    0  -27   11  -46    0
    0    0  -28    8    1    0   49    0  -32    0    0  -29  -38    0  -19  -14   21    0  -18    0   30  -10    0    0   22    0  -19   20    0    0
   11    0   45   24    0    0    0    0    0    0    0    0  -45  -32    0    0   -1    3    8  -27    0  -45    0    0    0  -49   -3    0    0    0
    0   40    0    0   49    0    0    0    0  -29    0    0  -22    9   30   41  -25   45  -31  -44    0   21  -24  -30    0  -46   49    0   47  -21
    0  -33  -46   18    0    0   23  -19    0  -38  -45  -22    0    0    0   27    0    0    0    0    0  -20  -12  -14  -11  -36    0    0   36    0
    0    0    0    0   -1    0  -28   38  -47    0  -32    9    0    0  -42   50  -24    0    0    0    0   38  -24  -20  -16   -8  -33    0   31    0
   21    0    0    0    0   46   45    0  -20  -19    0   30    0  -42    0    0   41    0   48    0    0  -50   41    0   22   15   49    0    0   -1
  -31  -18   11  -42    0    0    0    0  -44  -14    0   41   27   50    0    0   30   44   14  -45    0    0   26   10   22    0   -2    0    0    0
  -24  -30    9    7    0  -33   33  -15    0   21   -1  -25    0  -24   41   30    0    0  -39   45    0   -9    0   29    0    0    0  -12   20    0
    0    0    0    0   26  -27   13   39  -21    0    3   45    0    0    0   44    0    0   -7    0    0    0   13    0  -23  -45   45   39   33   33
   34  -23   13  -28    0    7    0   12   27  -18    8  -31    0    0   48   14  -39   -7    0   47   40    0    0   11   15    0    1    0   32   -9
    0    0    0  -32  -40   50   -7    0    0    0  -27  -44    0    0    0  -45   45    0   47    0    0   15  -48    0   41    0    0  -26    0    0
   -4   34  -21    0    0  -35    0    0  -37   30    0    0    0    0    0    0    0    0   40    0    0   -4  -13  -25   36    0    0   10    7   31
   11    0   21    0    0    0    0    0    0  -10  -45   21  -20   38  -50    0   -9    0    0   15   -4    0   34  -34   -4   30    0   33    0   25
    0    0   13    0    0    0  -32   12  -39    0    0  -24  -12  -24   41   26    0   13    0  -48  -13   34    0    0   23   -8  -44    0    0   47
    0  -47  -29    6    0   17    0    5    0    0    0  -30  -14  -20    0   10   29    0   11    0  -25  -34    0    0   33   -9    0    0    6    0
   29    8    0  -42    0    0   16    6  -29   22    0    0  -11  -16   22   22    0  -23   15   41   36   -4   23   33    0    4  -24    0   -2    0
   26    0    0   21  -11    0  -30   39    0    0  -49  -46  -36   -8   15    0    0  -45    0    0    0   30   -8   -9    4    0  -39  -19   44  -13
  -41    0   27    0  -33   -1    0    0  -27  -19   -3   49    0  -33   49   -2    0   45    1    0    0    0  -44    0  -24  -39    0    0    0   14
   40   -4  -35    0    0  -10    0    0   11   20    0    0    0    0    0    0  -12   39    0  -26   10   33    0    0    0  -19    0    0    0    0
    9   34    0    0   18    0    0    0  -46    0    0   47   36   31    0    0   20   33   32    0    7    0    0    6   -2   44    0    0    0    0
    0   30    0    0    0  -42  -44  -44    0    0    0  -21    0    0   -1    0    0   33   -9    0   31   25   47    0    0  -13   14    0    0    0
