QBPP_HJ-_40_050_10_3
40 184 507
38 28 40 11 50 14 2 37 14 10 6 47 48 22 6 15 32 6 13 21 39 5 10 4 3 17 45 37 18 37 45 33 17 10 27 19 20 3 37 32
     0     0     0   -79     0     0     0   -97     0     0     0   -82   -61   -57   -73     0     0     0     0     0     0     0     0   -76   -27   -22     0     0     0   -56     0   -10     0     0   -93     0     0     0   -20   -59
     0     0   -10   -35     0     0     0   -63   -39   -10     0     0     0   -92   -22     0   -81     0     0  -100   -10   -89     0   -69   -59   -98     0     0     0     0   -66     0     0   -95     0     0     0     0     0   -78
     0   -10     0    -4     0     0     0     0   -46     0   -54   -60     0     0     0     0     0     0   -60     0   -13   -45     0     0     0   -45     0     0   -79     0     0   -34     0   -34     0     0     0   -88   -58     0
   -79   -35    -4     0   -70     0     0   -12     0     0     0   -19     0   -87     0     0     0   -52   -90    -5   -95     0     0   -21   -72   -71     0   -57     0     0   -39     0     0   -41   -31     0   -79     0   -26     0
     0     0     0   -70     0     0   -64   -20   -79     0     0     0     0   -23     0     0     0   -84   -32   -12     0     0     0     0   -90   -41     0    -6   -73   -29     0     0   -69   -65   -35     0   -38   -75     0     0
     0     0     0     0     0     0     0     0   -63   -76   -67   -76   -13   -68     0     0   -53     0    -9    -8     0   -70     0     0   -29   -88   -20   -35     0     0     0     0     0   -81     0   -26     0    -4   -28     0
     0     0     0     0   -64     0     0   -83     0     0     0   -35   -31     0   -64     0     0   -55     0   -37   -39     0     0    -1     0     0     0     0     0     0   -63   -59     0   -90   -62     0     0     0    -1   -65
   -97   -63     0   -12   -20     0   -83     0     0     0   -59   -85   -14     0     0    -4     0   -12     0     0   -69   -84     0   -34     0     0     0     0     0   -34   -65     0     0   -74  -100     0     0     0   -22   -12
     0   -39   -46     0   -79   -63     0     0     0   -95     0     0     0   -63     0     0     0   -33     0     0     0     0   -81    -1   -59     0     0   -63     0   -85     0   -76     0   -88   -87   -79   -33     0   -38   -34
     0   -10     0     0     0   -76     0     0   -95     0     0     0     0     0     0    -4   -76   -84    -1     0   -64   -85   -80   -77   -67     0     0   -32     0   -87     0     0     0     0   -60     0   -94   -95     0   -58
     0     0   -54     0     0   -67     0   -59     0     0     0   -78   -69   -36    -3     0   -18     0     0   -70   -29     0   -40   -74     0   -26     0     0     0     0     0   -44     0     0     0     0     0     0   -92     0
   -82     0   -60   -19     0   -76   -35   -85     0     0   -78     0     0   -90     0   -26   -99     0     0     0   -53   -20   -82   -99   -88     0     0   -75     0   -71   -48   -20    -1     0     0   -81    -6     0   -11     0
   -61     0     0     0     0   -13   -31   -14     0     0   -69     0     0   -21     0     0   -36     0     0   -11     0     0   -61   -59     0   -65     0   -48   -78   -27     0     0     0   -11     0   -32     0   -57     0     0
   -57   -92     0   -87   -23   -68     0     0   -63     0   -36   -90   -21     0     0   -40     0    -3     0     0     0    -9     0     0   -89     0     0     0   -42     0     0     0   -30   -33   -30     0     0   -55   -36     0
   -73   -22     0     0     0     0   -64     0     0     0    -3     0     0     0     0     0     0   -47   -67   -24    -7   -98     0   -53   -57     0     0   -91     0     0   -94    -2   -89     0     0     0   -94     0   -89   -97
     0     0     0     0     0     0     0    -4     0    -4     0   -26     0   -40     0     0   -45   -50   -57     0   -53     0     0   -84   -81     0     0   -87   -48   -99     0     0   -95     0     0   -71     0     0     0     0
     0   -81     0     0     0   -53     0     0     0   -76   -18   -99   -36     0     0   -45     0   -36   -36     0   -68     0     0     0   -85     0     0     0     0   -86   -70     0   -31     0   -65     0   -28     0   -83   -71
     0     0     0   -52   -84     0   -55   -12   -33   -84     0     0     0    -3   -47   -50   -36     0     0   -16     0     0   -13   -96   -13     0     0     0   -94   -33   -64     0     0     0     0   -63     0     0   -55     0
     0     0   -60   -90   -32    -9     0     0     0    -1     0     0     0     0   -67   -57   -36     0     0   -10     0   -59     0     0   -71     0   -42     0   -86   -25   -69   -53     0   -32     0     0   -54   -37     0    -7
     0  -100     0    -5   -12    -8   -37     0     0     0   -70     0   -11     0   -24     0     0   -16   -10     0   -11   -15     0     0   -63   -66   -32     0     0     0     0   -61   -81     0     0   -19    -3   -55     0   -24
     0   -10   -13   -95     0     0   -39   -69     0   -64   -29   -53     0     0    -7   -53   -68     0     0   -11     0     0     0   -65    -2     0     0    -1   -87   -51     0     0   -55   -45     0   -97     0   -29   -84     0
     0   -89   -45     0     0   -70     0   -84     0   -85     0   -20     0    -9   -98     0     0     0   -59   -15     0     0     0   -84   -64   -44   -55    -7     0     0   -55     0   -17     0     0     0     0     0     0   -22
     0     0     0     0     0     0     0     0   -81   -80   -40   -82   -61     0     0     0     0   -13     0     0     0     0     0     0     0   -92   -99   -42     0   -10     0     0    -6   -72     0     0   -14   -24     0     0
   -76   -69     0   -21     0     0    -1   -34    -1   -77   -74   -99   -59     0   -53   -84     0   -96     0     0   -65   -84     0     0     0   -35    -1   -83     0     0     0     0   -11     0    -6     0     0     0   -81   -53
   -27   -59     0   -72   -90   -29     0     0   -59   -67     0   -88     0   -89   -57   -81   -85   -13   -71   -63    -2   -64     0     0     0   -66     0    -6   -54    -9     0   -79     0    -1   -85     0   -86     0   -65   -66
   -22   -98   -45   -71   -41   -88     0     0     0     0   -26     0   -65     0     0     0     0     0     0   -66     0   -44   -92   -35   -66     0     0     0   -34   -43     0     0     0     0   -43     0     0     0     0     0
     0     0     0     0     0   -20     0     0     0     0     0     0     0     0     0     0     0     0   -42   -32     0   -55   -99    -1     0     0     0   -26     0   -11     0   -83     0     0   -24   -40     0     0     0     0
     0     0     0   -57    -6   -35     0     0   -63   -32     0   -75   -48     0   -91   -87     0     0     0     0    -1    -7   -42   -83    -6     0   -26     0     0     0     0   -84   -16   -97     0   -94   -23   -43    -3   -67
     0     0   -79     0   -73     0     0     0     0     0     0     0   -78   -42     0   -48     0   -94   -86     0   -87     0     0     0   -54   -34     0     0     0   -33   -15     0     0     0     0     0     0     0     0     0
   -56     0     0     0   -29     0     0   -34   -85   -87     0   -71   -27     0     0   -99   -86   -33   -25     0   -51     0   -10     0    -9   -43   -11     0   -33     0     0     0   -32     0     0     0   -14   -43     0   -11
     0   -66     0   -39     0     0   -63   -65     0     0     0   -48     0     0   -94     0   -70   -64   -69     0     0   -55     0     0     0     0     0     0   -15     0     0     0     0     0   -72   -88   -14   -98    -1     0
   -10     0   -34     0     0     0   -59     0   -76     0   -44   -20     0     0    -2     0     0     0   -53   -61     0     0     0     0   -79     0   -83   -84     0     0     0     0     0   -25    -5   -49     0     0     0     0
     0     0     0     0   -69     0     0     0     0     0     0    -1     0   -30   -89   -95   -31     0     0   -81   -55   -17    -6   -11     0     0     0   -16     0   -32     0     0     0     0     0     0     0     0   -34    -6
     0   -95   -34   -41   -65   -81   -90   -74   -88     0     0     0   -11   -33     0     0     0     0   -32     0   -45     0   -72     0    -1     0     0   -97     0     0     0   -25     0     0   -27   -71   -93     0     0   -91
   -93     0     0   -31   -35     0   -62  -100   -87   -60     0     0     0   -30     0     0   -65     0     0     0     0     0     0    -6   -85   -43   -24     0     0     0   -72    -5     0   -27     0     0   -17     0     0   -61
     0     0     0     0     0   -26     0     0   -79     0     0   -81   -32     0     0   -71     0   -63     0   -19   -97     0     0     0     0     0   -40   -94     0     0   -88   -49     0   -71     0     0   -47     0   -68   -71
     0     0     0   -79   -38     0     0     0   -33   -94     0    -6     0     0   -94     0   -28     0   -54    -3     0     0   -14     0   -86     0     0   -23     0   -14   -14     0     0   -93   -17   -47     0   -38   -85     0
     0     0   -88     0   -75    -4     0     0     0   -95     0     0   -57   -55     0     0     0     0   -37   -55   -29     0   -24     0     0     0     0   -43     0   -43   -98     0     0     0     0     0   -38     0     0     0
   -20     0   -58   -26     0   -28    -1   -22   -38     0   -92   -11     0   -36   -89     0   -83   -55     0     0   -84     0     0   -81   -65     0     0    -3     0     0    -1     0   -34     0     0   -68   -85     0     0     0
   -59   -78     0     0     0     0   -65   -12   -34   -58     0     0     0     0   -97     0   -71     0    -7   -24     0   -22     0   -53   -66     0     0   -67     0   -11     0     0    -6   -91   -61   -71     0     0     0     0
