QBPP_HJ+_40_075_06_2
40 396 189
31 47 10 9 24 2 34 41 19 47 31 45 27 10 43 24 43 15 26 30 15 46 18 32 9 6 16 24 2 42 44 39 42 48 34 37 46 41 47 40
    0    0    0   21   31   48   45    4   58   17   27    0   39   12    0    0    0    0    0   93   24    0   33   86   60   92    0    0   64    0   96   98    0   78   62   58   82   37   22   33
    0    0    0   19   43   37   86    0   90   61    7   55   72   62   75    1    0   78   81   97    0   60   76   43   70    0    3    8   38   26   97    3   12   39    0    0   17    6    3    0
    0    0    0   92    0   20   29    0    0   60   27   49   60    0    0   29   21   27    0    0   19   47   98   80    0   97   46   65    7   14   49   98   98   66   51   16   11   82   14    0
   21   19   92    0   38    0   55    3    0    0   99    0   79    0   33   19    0    0   89   47    0   74   12    7   50   20    0   60   59   70   30   38   83   82   60    0  100    1   22    0
   31   43    0   38    0    0   40   17    0   95   56   42   46   39    7    0   88   53   37   89   71    0    6   39  100   78   69   18    0   50    0   74   99    5   41   93   87    0    8   39
   48   37   20    0    0    0   83   52   35   93   49   88   93   74   32   29    0   99   78    0   75    0   50    0   12   38   98   29    0   16   60   52   57   30   28   68   54   34   21   56
   45   86   29   55   40   83    0    0    2    0   41    5   77   60    0   59   19   92   57    0   68   52   95   30    0    0   28   38   81    1    5   47   52    0   98    1    1    0   17   29
    4    0    0    3   17   52    0    0   93    0   10   18   30    0    0   70   95   97   61   13   57   24    0   64    0   74   43    0   62   88   92   45   35   15    0    0   66   37   90   62
   58   90    0    0    0   35    2   93    0   60   47    0   80    0   80   29    0   43    0   38   55   24    0    0   32   19   31    0   95   30   25    0    0    0   98    3   28   97   57    0
   17   61   60    0   95   93    0    0   60    0   61   54   61   42   15    0   93   78   10    0   75   95   82   22   86    0   48    0    0   59   70    2   83   53   17   78   66   19   25   83
   27    7   27   99   56   49   41   10   47   61    0   92    5   60   59   73   39   19   45    0   75   10    0    6   25    0   65    9    0    0   36    0   80   77   13   81    0   44   46    0
    0   55   49    0   42   88    5   18    0   54   92    0   34   90   49    0   98   93   87   56    7   86   82   20    2   67   39    0    0    5   97   78   26   79   81   76   96   61   29   44
   39   72   60   79   46   93   77   30   80   61    5   34    0    8   42    0   23   84   59    0   35    0    0    0   29   91    0   89   42    0   55   40   32  100  100   37   69   20   38   92
   12   62    0    0   39   74   60    0    0   42   60   90    8    0    0    0    0   69   29   51   33    0    0   85    9   71    0   44    0   62    0   11   71    7    0   49    0   40   34   57
    0   75    0   33    7   32    0    0   80   15   59   49   42    0    0   67    0    0   86    0    0   93   73   92   16   37   22   10   27    0   28   94   77   53   94   62   49   75   35    0
    0    1   29   19    0   29   59   70   29    0   73    0    0    0   67    0   93   90   77    9   41   11   98   25   89   67    0   41    0   33   67   57   21   22    0    0   51   39   47   29
    0    0   21    0   88    0   19   95    0   93   39   98   23    0    0   93    0    3    0   74   48   94    0    0    0   40   62   76   93   98   92    0    0   26   28    0    0   97   52   67
    0   78   27    0   53   99   92   97   43   78   19   93   84   69    0   90    3    0   34    0   87   35    7   58   16   22   35   96   96   17    0   83   85    0   10    0   25    8    0    0
    0   81    0   89   37   78   57   61    0   10   45   87   59   29   86   77    0   34    0   39   52    0   99   45   93   19   38    0   58   28    3    0   60   24    4   70    0    3    0   92
   93   97    0   47   89    0    0   13   38    0    0   56    0   51    0    9   74    0   39    0   30   20   10    0    0   77   72    0   80   45    8   82   29   79   78   95   84   25    6   58
   24    0   19    0   71   75   68   57   55   75   75    7   35   33    0   41   48   87   52   30    0   99    0    6   92   74   29    7   60    0   12   16   93   44   69   56   63   80    0   55
    0   60   47   74    0    0   52   24   24   95   10   86    0    0   93   11   94   35    0   20   99    0   24   96    0    0   62   69   67    3   52    0    0    0   98   28   84   35    0    0
   33   76   98   12    6   50   95    0    0   82    0   82    0    0   73   98    0    7   99   10    0   24    0    3    2    0   70    0   52    0    0    0   90   63   37   36   53    9    9    0
   86   43   80    7   39    0   30   64    0   22    6   20    0   85   92   25    0   58   45    0    6   96    3    0   62   81   17    0   27   67   16    0    0   45    0    0   50   77   33   78
   60   70    0   50  100   12    0    0   32   86   25    2   29    9   16   89    0   16   93    0   92    0    2   62    0   42   21   83   77   59    0    0   93    5   32   57   39  100   98   19
   92    0   97   20   78   38    0   74   19    0    0   67   91   71   37   67   40   22   19   77   74    0    0   81   42    0    0   39   19    0    0   42    0    0    3   22   59    7   59    0
    0    3   46    0   69   98   28   43   31   48   65   39    0    0   22    0   62   35   38   72   29   62   70   17   21    0    0   10   45   33   39   28   92    0   81   64   80    0   88   84
    0    8   65   60   18   29   38    0    0    0    9    0   89   44   10   41   76   96    0    0    7   69    0    0   83   39   10    0   33   40    0    0   23   69   46   59   64   32   69   53
   64   38    7   59    0    0   81   62   95    0    0    0   42    0   27    0   93   96   58   80   60   67   52   27   77   19   45   33    0   68   75   46   38    0   75    0   10   51   87   98
    0   26   14   70   50   16    1   88   30   59    0    5    0   62    0   33   98   17   28   45    0    3    0   67   59    0   33   40   68    0   38   29   55    0   61   39   55   49   70   18
   96   97   49   30    0   60    5   92   25   70   36   97   55    0   28   67   92    0    3    8   12   52    0   16    0    0   39    0   75   38    0   74    8   83    0   78    4   23   55   75
   98    3   98   38   74   52   47   45    0    2    0   78   40   11   94   57    0   83    0   82   16    0    0    0    0   42   28    0   46   29   74    0   10    0   30   92   77   70   13    0
    0   12   98   83   99   57   52   35    0   83   80   26   32   71   77   21    0   85   60   29   93    0   90    0   93    0   92   23   38   55    8   10    0   95   73   94   39   80   11   38
   78   39   66   82    5   30    0   15    0   53   77   79  100    7   53   22   26    0   24   79   44    0   63   45    5    0    0   69    0    0   83    0   95    0    7   83   84   39   49    3
   62    0   51   60   41   28   98    0   98   17   13   81  100    0   94    0   28   10    4   78   69   98   37    0   32    3   81   46   75   61    0   30   73    7    0    0    0    0   94    0
   58    0   16    0   93   68    1    0    3   78   81   76   37   49   62    0    0    0   70   95   56   28   36    0   57   22   64   59    0   39   78   92   94   83    0    0   45   51   28    0
   82   17   11  100   87   54    1   66   28   66    0   96   69    0   49   51    0   25    0   84   63   84   53   50   39   59   80   64   10   55    4   77   39   84    0   45    0   56   87   31
   37    6   82    1    0   34    0   37   97   19   44   61   20   40   75   39   97    8    3   25   80   35    9   77  100    7    0   32   51   49   23   70   80   39    0   51   56    0    0    8
   22    3   14   22    8   21   17   90   57   25   46   29   38   34   35   47   52    0    0    6    0    0    9   33   98   59   88   69   87   70   55   13   11   49   94   28   87    0    0   71
   33    0    0    0   39   56   29   62    0   83    0   44   92   57    0   29   67    0   92   58   55    0    0   78   19    0   84   53   98   18   75    0   38    3    0    0   31    8   71    0
