QBPP_HJ*_40_075_10_5
40 182 28
28 36 17 33 48 47 17 14 21 34 39 30 9 23 6 28 12 22 45 9 44 23 1 25 38 13 2 33 1 19 18 15 27 45 8 2 11 12 19 36
    0    0   45   -3   -5   28    8  -38   17  -48  -49  -22  -35  -11   17    0    0   15  -40  -44  -20    7    7  -45   28  -21   46  -15    0   48  -33   -4  -32    0   14   47    0   13  -12   16
    0    0  -29    7  -48    0   18   35  -48   19    0    0  -40   -8   32   41   16  -19   32   33   -9   32  -35    0    0    0  -15    0    4    0   27   -1  -25   20    0    0  -40  -20    0  -17
   45  -29    0    3    0    0   27   32   -6    0   29   50    0   32    6    3  -50   22  -44  -15    0  -31  -17  -49  -18   26  -13   23   40    0    0  -11   -2   10   15    0    0   -9    3  -11
   -3    7    3    0    0  -45   28  -28   30    0    0    0   26   30  -50    0    0   38  -11   14   45   21   29   34  -39   49  -13    0    4   10   23  -18   24   29   21   28   -6  -12   40  -11
   -5  -48    0    0    0   30    0    0  -22    3    0   10  -11   -4  -31    0  -28   -4  -33   47  -24    0   49   -9    8   -4   -8  -50  -21   27   46   35  -26   16   49  -39  -44    0   25    0
   28    0    0  -45   30    0  -14    5   38  -50   50   38   11   45    0  -21  -27  -49   31    0   20    0    0  -27  -35    0    9   31   -1   37   27    0    3    0    0    0  -26   34    0   25
    8   18   27   28    0  -14    0    0  -47  -47   10  -12   -9    0    0    0  -11  -33   24    0    0   26   36  -27  -13    0    0  -17  -13  -26  -21  -29   27   26  -21   29   39  -19  -16   46
  -38   35   32  -28    0    5    0    0   -1   17    4    0  -10    3  -40  -48   18  -13  -46  -34   34  -45   25  -27    0   24   -5  -41   23  -24   -6    0   38   30  -14    0  -32    0    4    0
   17  -48   -6   30  -22   38  -47   -1    0    5   33   -6   22    0    7    0   44  -37    0   -9   43    0   42  -10   31  -44   48  -34   -2  -21   25    9   35  -30  -10   25   42   -8    0   -4
  -48   19    0    0    3  -50  -47   17    5    0  -16   50  -16    4    0   48  -13  -27    0    7  -22  -34   13  -50   27  -18   14    9  -32    0  -15  -19    0   -2    0  -27    0    9  -23    0
  -49    0   29    0    0   50   10    4   33  -16    0   50   -5    0  -21    0   50  -39   43   44  -10   -6    9  -42  -24  -24  -43  -42  -37    0   11  -39  -45  -33  -22    0  -43   38    0   49
  -22    0   50    0   10   38  -12    0   -6   50   50    0  -18   25  -12    0   27    0   16  -45   28   31    0  -34  -44    0  -42   33    0  -23   21  -22   35   41  -10   15  -45  -12  -44   33
  -35  -40    0   26  -11   11   -9  -10   22  -16   -5  -18    0   -3  -32   23  -44  -36   20    0   46  -21    6  -46    0  -32    0  -36   25  -25   -3  -49  -19    0  -27    4   -3  -43  -37    0
  -11   -8   32   30   -4   45    0    3    0    4    0   25   -3    0  -47  -42    1  -26  -42    0    0    0   45   28   42   -5    0   26    3    0   -6  -39  -34  -16    6   -2  -26   48  -39   -1
   17   32    6  -50  -31    0    0  -40    7    0  -21  -12  -32  -47    0   12  -38   27  -50    0   47    0   12  -45    9   31  -38    0   46  -15    0   30    0    4   28    0  -30    0  -39  -45
    0   41    3    0    0  -21    0  -48    0   48    0    0   23  -42   12    0   14    0   17   49    0  -49    0   13    4  -16  -25   34  -42  -30   11    0  -49  -29   22    0    0   15  -29  -13
    0   16  -50    0  -28  -27  -11   18   44  -13   50   27  -44    1  -38   14    0    2    0    0   46  -30    0   34   -8    0    0    5  -14   37    5   19   10    0    0   23    0   31    0  -41
   15  -19   22   38   -4  -49  -33  -13  -37  -27  -39    0  -36  -26   27    0    2    0  -13    0    0  -26    0   27   -6   32  -43    8  -31    0   36    0   24    1  -23   21  -33   40   31    0
  -40   32  -44  -11  -33   31   24  -46    0    0   43   16   20  -42  -50   17    0  -13    0    0    0    0    4  -42   13  -46  -15    9   11  -38  -50  -37    0    0  -14    5    0    9    4   -1
  -44   33  -15   14   47    0    0  -34   -9    7   44  -45    0    0    0   49    0    0    0    0    9    8    0  -20    0  -10    7   -6    0   -9  -28    0   18    0   36   35   34    0    1   14
  -20   -9    0   45  -24   20    0   34   43  -22  -10   28   46    0   47    0   46    0    0    9    0    0  -16    0    4   37   -5   38  -22    0  -32  -50    0    0  -50   -4   23   -3    0  -27
    7   32  -31   21    0    0   26  -45    0  -34   -6   31  -21    0    0  -49  -30  -26    0    8    0    0    0    0    5   32  -11   -3   48    0   11   14   -1    0  -40   -4  -32   24    0  -25
    7  -35  -17   29   49    0   36   25   42   13    9    0    6   45   12    0    0    0    4    0  -16    0    0    0  -44   16  -24    0  -41   -1  -19    0    0  -16   24    0    0    0   23  -27
  -45    0  -49   34   -9  -27  -27  -27  -10  -50  -42  -34  -46   28  -45   13   34   27  -42  -20    0    0    0    0  -18   28  -46    0    6  -21  -33  -19  -31    0   42    0   25  -20    0  -21
   28    0  -18  -39    8  -35  -13    0   31   27  -24  -44    0   42    9    4   -8   -6   13    0    4    5  -44  -18    0   20    0  -28    3   -6  -21   25    0  -32  -40   -5   10   37  -48  -11
  -21    0   26   49   -4    0    0   24  -44  -18  -24    0  -32   -5   31  -16    0   32  -46  -10   37   32   16   28   20    0   21   42  -41    0  -47  -14   19   49   34    0    4    0    9   23
   46  -15  -13  -13   -8    9    0   -5   48   14  -43  -42    0    0  -38  -25    0  -43  -15    7   -5  -11  -24  -46    0   21    0   41  -28   17  -36    0  -43   30    8    0   31    0   30   21
  -15    0   23    0  -50   31  -17  -41  -34    9  -42   33  -36   26    0   34    5    8    9   -6   38   -3    0    0  -28   42   41    0   44  -47    0   25   21   -4  -29  -21   49  -47  -38  -43
    0    4   40    4  -21   -1  -13   23   -2  -32  -37    0   25    3   46  -42  -14  -31   11    0  -22   48  -41    6    3  -41  -28   44    0   34    0    0   21    0  -30    0    0   25   18   -5
   48    0    0   10   27   37  -26  -24  -21    0    0  -23  -25    0  -15  -30   37    0  -38   -9    0    0   -1  -21   -6    0   17  -47   34    0   -6  -10   37  -26  -16   -7  -34    0   25    0
  -33   27    0   23   46   27  -21   -6   25  -15   11   21   -3   -6    0   11    5   36  -50  -28  -32   11  -19  -33  -21  -47  -36    0    0   -6    0  -39  -12    2    0   47  -34   50  -17  -48
   -4   -1  -11  -18   35    0  -29    0    9  -19  -39  -22  -49  -39   30    0   19    0  -37    0  -50   14    0  -19   25  -14    0   25    0  -10  -39    0   12   -5   -1   17  -22  -19    0    0
  -32  -25   -2   24  -26    3   27   38   35    0  -45   35  -19  -34    0  -49   10   24    0   18    0   -1    0  -31    0   19  -43   21   21   37  -12   12    0   18  -20  -21   -8   31   35  -17
    0   20   10   29   16    0   26   30  -30   -2  -33   41    0  -16    4  -29    0    1    0    0    0    0  -16    0  -32   49   30   -4    0  -26    2   -5   18    0  -17    0   38    0   -1    0
   14    0   15   21   49    0  -21  -14  -10    0  -22  -10  -27    6   28   22    0  -23  -14   36  -50  -40   24   42  -40   34    8  -29  -30  -16    0   -1  -20  -17    0    0    4    0   20    0
   47    0    0   28  -39    0   29    0   25  -27    0   15    4   -2    0    0   23   21    5   35   -4   -4    0    0   -5    0    0  -21    0   -7   47   17  -21    0    0    0    0  -35  -33    0
    0  -40    0   -6  -44  -26   39  -32   42    0  -43  -45   -3  -26  -30    0    0  -33    0   34   23  -32    0   25   10    4   31   49    0  -34  -34  -22   -8   38    4    0    0  -27   48    0
   13  -20   -9  -12    0   34  -19    0   -8    9   38  -12  -43   48    0   15   31   40    9    0   -3   24    0  -20   37    0    0  -47   25    0   50  -19   31    0    0  -35  -27    0    3  -11
  -12    0    3   40   25    0  -16    4    0  -23    0  -44  -37  -39  -39  -29    0   31    4    1    0    0   23    0  -48    9   30  -38   18   25  -17    0   35   -1   20  -33   48    3    0   19
   16  -17  -11  -11    0   25   46    0   -4    0   49   33    0   -1  -45  -13  -41    0   -1   14  -27  -25  -27  -21  -11   23   21  -43   -5    0  -48    0  -17    0    0    0    0  -11   19    0
