QBPP_HJ+_40_075_06_4
40 306 192
5 10 26 39 32 37 30 16 38 10 22 7 35 18 33 13 20 37 34 24 45 19 32 16 25 47 13 20 1 24 24 34 21 8 3 32 10 18 19 19
    0   69    0   89    0    0   59   88    0    0   70    0   95   85   63    5    0   11    0   95   69    0   81    0   95   65   13    0    0    0   31    4    8   10   44    0   68   71    6   80
   69    0   94   94    0   53   53   64    0   76   53   72   91   67   12   47    0   21   76   98   40    0   88    0    0    9    0    0    0   80   67    0   47    0   60   29   37    0   76   66
    0   94    0    6    0    0   11    0   54   82   54   80   91   22   73    0   98   44    0    0   86   97    0   95    0   73   87   31   60    0   85   46   56    0  100    0    0   95   21   46
   89   94    6    0   28    0   24   12    0    2   82   22   16   50    0   73    0   85   35    0    7   74   49   37   45    0    0    0   86    0   68   78   98    0    0    0   98   73    0   54
    0    0    0   28    0   80   53   65    8   90   83   27   69    0    0    0    0   66   60   89   60    1   87    0   77   59    0    0   56   41   92   71  100   76   57   72   76   64    0   18
    0   53    0    0   80    0    0   58    9   76    0   21    0    7   13   78    0   33   61   29   12   50   79  100   36   98   60   76   55   80    2   77   50   96   98   99   94   46   51   46
   59   53   11   24   53    0    0   57    3   62   79    9   73    0    0   89   92   76   90    0   38   80    2    0   38   28   58   49   98   66   73   67   42    0    9   43   70    0    0   56
   88   64    0   12   65   58   57    0   62    0    2   84   89   67    0   74   72   81   57   84   78    0   21    0    6   32   61   70   93   42    7    0   19   75   20   74   49   51   26    0
    0    0   54    0    8    9    3   62    0   77   67   70   32    3    0    4   51    0   14   19   17   91    0   58   53    0  100   16   88   86   54    0   43   85    0   92   74   51    0   50
    0   76   82    2   90   76   62    0   77    0    0   87    7   74   62   33   63   84   77   88   22    0   74    0    0   41   43   77    0   76   26    0   77   34    0   66    2   68   82   40
   70   53   54   82   83    0   79    2   67    0    0   57   59   99   49    0   48   81   50   57   57   51    0    9    0   30    8    0   61   66    8   22   91   44    0   78   75    0   19    0
    0   72   80   22   27   21    9   84   70   87   57    0   70   31   41   22   72   56   43   39   97   32    1   78    0    4   15   69   90    0   27   60    0    0   83   64    2   37   64   67
   95   91   91   16   69    0   73   89   32    7   59   70    0    6   33   79    6    0   49   91    6    0   24    3   52   63   31   14   48   73   93   44   72   15    4   67   65   56   77   63
   85   67   22   50    0    7    0   67    3   74   99   31    6    0   87   96   61   66    0    0   81   44   74   78   13   63   11   65   65   58   32   37   66   30   12   15    0    0   49   37
   63   12   73    0    0   13    0    0    0   62   49   41   33   87    0   13   87    0    0   10   88   95   18    0   15    0  100    3   16   14    0    0    0   33   22   50   12   67   73   80
    5   47    0   73    0   78   89   74    4   33    0   22   79   96   13    0   67    0    0   33   61   98   67   29   81   51   90    6   37   45    9    0   18    6   27    0   79    0    0   66
    0    0   98    0    0    0   92   72   51   63   48   72    6   61   87   67    0    0    0   31   11   42   78   18    5    0   92    0    0   68   48   20   44   30    0    0    0   63   26   92
   11   21   44   85   66   33   76   81    0   84   81   56    0   66    0    0    0    0    0    5   24    0   92   35   52   94    0    0   56    0    0   23   80   37    0   56   59    4    0    8
    0   76    0   35   60   61   90   57   14   77   50   43   49    0    0    0    0    0    0    0   80   82   86    0   73    0    0    0   39   97    9    4    0   93   89    0   75   26    7    0
   95   98    0    0   89   29    0   84   19   88   57   39   91    0   10   33   31    5    0    0   43   77    0   61    7   22   70   76   32   96    8    0   88   47    0   51   49    0    0    0
   69   40   86    7   60   12   38   78   17   22   57   97    6   81   88   61   11   24   80   43    0   62    0    3    3    0   75   47   93    0   51   54   52   24   27    0   92    0    0   54
    0    0   97   74    1   50   80    0   91    0   51   32    0   44   95   98   42    0   82   77   62    0   46   71   86   47   96   73   38   56   85   76    0   74   97   35   17    5   85   84
   81   88    0   49   87   79    2   21    0   74    0    1   24   74   18   67   78   92   86    0    0   46    0    0   45   40   99   49   36   22   26    0   95    0   87   75   54   63   31   18
    0    0   95   37    0  100    0    0   58    0    9   78    3   78    0   29   18   35    0   61    3   71    0    0    0    0   52    0   12   26   17    0   17  100   11   37    4    0   93   30
   95    0    0   45   77   36   38    6   53    0    0    0   52   13   15   81    5   52   73    7    3   86   45    0    0   53    0   15   37   37    0   23   89   59   32   33   30    0    5   27
   65    9   73    0   59   98   28   32    0   41   30    4   63   63    0   51    0   94    0   22    0   47   40    0   53    0   75   81   72   68    0   28   49    0    0   39   99   97   66    0
   13    0   87    0    0   60   58   61  100   43    8   15   31   11  100   90   92    0    0   70   75   96   99   52    0   75    0   40   26   36   18    0    0   69   20   92    6   69   65    0
    0    0   31    0    0   76   49   70   16   77    0   69   14   65    3    6    0    0    0   76   47   73   49    0   15   81   40    0   84   69    0    0   45   22   78   63   86   22   27    0
    0    0   60   86   56   55   98   93   88    0   61   90   48   65   16   37    0   56   39   32   93   38   36   12   37   72   26   84    0   51   36   90   81   29   36   48   43   14   15   23
    0   80    0    0   41   80   66   42   86   76   66    0   73   58   14   45   68    0   97   96    0   56   22   26   37   68   36   69   51    0   20    0    0   60   65    1    0   66    0   45
   31   67   85   68   92    2   73    7   54   26    8   27   93   32    0    9   48    0    9    8   51   85   26   17    0    0   18    0   36   20    0    6   41    0   26   26   84    3    5   60
    4    0   46   78   71   77   67    0    0    0   22   60   44   37    0    0   20   23    4    0   54   76    0    0   23   28    0    0   90    0    6    0   14   86    0   44    0   12   17   91
    8   47   56   98  100   50   42   19   43   77   91    0   72   66    0   18   44   80    0   88   52    0   95   17   89   49    0   45   81    0   41   14    0   47    0   71   36    0    0    0
   10    0    0    0   76   96    0   75   85   34   44    0   15   30   33    6   30   37   93   47   24   74    0  100   59    0   69   22   29   60    0   86   47    0    0   83   70   58   81   57
   44   60  100    0   57   98    9   20    0    0    0   83    4   12   22   27    0    0   89    0   27   97   87   11   32    0   20   78   36   65   26    0    0    0    0    0   56   14    0   74
    0   29    0    0   72   99   43   74   92   66   78   64   67   15   50    0    0   56    0   51    0   35   75   37   33   39   92   63   48    1   26   44   71   83    0    0   33    0   25   32
   68   37    0   98   76   94   70   49   74    2   75    2   65    0   12   79    0   59   75   49   92   17   54    4   30   99    6   86   43    0   84    0   36   70   56   33    0    0   12    0
   71    0   95   73   64   46    0   51   51   68    0   37   56    0   67    0   63    4   26    0    0    5   63    0    0   97   69   22   14   66    3   12    0   58   14    0    0    0    0   80
    6   76   21    0    0   51    0   26    0   82   19   64   77   49   73    0   26    0    7    0    0   85   31   93    5   66   65   27   15    0    5   17    0   81    0   25   12    0    0   29
   80   66   46   54   18   46   56    0   50   40    0   67   63   37   80   66   92    8    0    0   54   84   18   30   27    0    0    0   23   45   60   91    0   57   74   32    0   80   29    0
