QBPP_HJ*_35_075_10_1
35 128 23
44 15 28 9 1 19 34 2 3 1 37 3 33 13 8 20 25 37 50 18 13 4 6 13 46 3 10 19 3 8 13 21 17 46 15
    0   42  -49    0  -50  -50   32   50  -15  -10  -17  -41    2  -28  -40   18    1   29   50    0    0  -28  -20   20    0   31  -15  -11   41   20  -49   32  -33   50   -2
   42    0   34  -16    0    5    0   -1   18  -28   23  -19    0   12    0  -44    5  -12   30    6   24    0  -22  -34  -24  -25   42   10   42  -17   39  -20    0   -2    0
  -49   34    0  -32   14    0    0   16    9  -12  -27  -31    0  -28  -30  -32    0   -5  -28   36    0    0    1    0    0   23   -6   44    0   45  -13   30  -45   29    4
    0  -16  -32    0   39  -10   17   -7   -7   12    8    0    9    0    0   16  -48    0  -45    0  -50   -3    0   30   19   -9   -4    0    1   39   43  -44  -34   38   45
  -50    0   14   39    0    0    0   35    0   -3  -17    0    0    0   47   35    0    0    0   49  -45    0   19    2   13   25   30    5    7  -25   -5   10   14  -19    0
  -50    5    0  -10    0    0   50   -7   13   29    0    0   39    0    9   -4   25  -48   18   20    0   48    0   39   35  -48  -24   25  -50    0    0   12    0   17  -10
   32    0    0   17    0   50    0  -14    0   15   30  -49  -32  -10    0  -41  -48    3  -45    0    0  -33   20    0    0  -33  -22   -6  -32   -4  -36    6  -48    0   43
   50   -1   16   -7   35   -7  -14    0   19  -33    0  -38   16    0    1   24  -22   -5   26    0   20    0   -5   24  -11  -36   24  -42  -24  -46    0  -24    0  -25   35
  -15   18    9   -7    0   13    0   19    0  -30    0    0    0    0  -41   -1   -7   42    0   29  -10    0    0  -30   37  -35  -29    0  -21   41    5  -29  -40  -16   39
  -10  -28  -12   12   -3   29   15  -33  -30    0   25   28   35   20   -8  -35   25   33   22    0   -5   34  -46  -30    8  -42   32    0   -5  -31    0  -17    0   36   -9
  -17   23  -27    8  -17    0   30    0    0   25    0  -33  -25    0   -6  -46   32    0  -19   40    0    0  -18  -21   41    0    0   18  -29   35    0   25   27   26    3
  -41  -19  -31    0    0    0  -49  -38    0   28  -33    0  -17    0    0  -40  -33  -38   14    0    0    0  -16    0    0   40    0   35    0    2   -5  -49   43  -38    0
    2    0    0    9    0   39  -32   16    0   35  -25  -17    0  -35  -31  -30    0  -32   19  -26  -13  -29   44    0  -14  -33   -7  -26  -14  -21   20    3    1  -12   40
  -28   12  -28    0    0    0  -10    0    0   20    0    0  -35    0  -47   41    0   26  -17   -8    0   45    0    0   11    0    0  -37    0    0   -5    0    0   28    0
  -40    0  -30    0   47    9    0    1  -41   -8   -6    0  -31  -47    0   37   37  -40   12   48   -4   -7   48   38  -21    0   21    0   33   34    0  -22    2  -49  -30
   18  -44  -32   16   35   -4  -41   24   -1  -35  -46  -40  -30   41   37    0   15  -13   31    0    0   44  -20  -46    0  -36    0    6    0   33    0   -3    0  -14   22
    1    5    0  -48    0   25  -48  -22   -7   25   32  -33    0    0   37   15    0   14  -27   30   46  -40  -31   -8   43   44    0  -37    0   46    8    8    0  -22  -10
   29  -12   -5    0    0  -48    3   -5   42   33    0  -38  -32   26  -40  -13   14    0   45   35   18   50    0  -50    5    0    3    0   17   -1   37   21   -7    9   40
   50   30  -28  -45    0   18  -45   26    0   22  -19   14   19  -17   12   31  -27   45    0  -48    0  -28    0   26  -22  -48   32   23    0   24  -24  -15    0    1    0
    0    6   36    0   49   20    0    0   29    0   40    0  -26   -8   48    0   30   35  -48    0   27  -40   47    0   47   42    0   29   32  -12    0    0   34    0  -27
    0   24    0  -50  -45    0    0   20  -10   -5    0    0  -13    0   -4    0   46   18    0   27    0   17    4   46  -32   -1    0   32   -7    0   46  -50   17   -3   22
  -28    0    0   -3    0   48  -33    0    0   34    0    0  -29   45   -7   44  -40   50  -28  -40   17    0    0   36  -22  -26  -11    8   -9   44    0   -4  -42    6  -38
  -20  -22    1    0   19    0   20   -5    0  -46  -18  -16   44    0   48  -20  -31    0    0   47    4    0    0    0    0    0   18  -26   34    5   39  -50   21    0    0
   20  -34    0   30    2   39    0   24  -30  -30  -21    0    0    0   38  -46   -8  -50   26    0   46   36    0    0    0  -11  -23   38    0  -25   -1    0   41    0   29
    0  -24    0   19   13   35    0  -11   37    8   41    0  -14   11  -21    0   43    5  -22   47  -32  -22    0    0    0    0    0   43    6   45   35  -13   38    5    1
   31  -25   23   -9   25  -48  -33  -36  -35  -42    0   40  -33    0    0  -36   44    0  -48   42   -1  -26    0  -11    0    0  -27    0    3   -4    0  -13   -9    0   -3
  -15   42   -6   -4   30  -24  -22   24  -29   32    0    0   -7    0   21    0    0    3   32    0    0  -11   18  -23    0  -27    0  -34    0   39   38    0    0   36   47
  -11   10   44    0    5   25   -6  -42    0    0   18   35  -26  -37    0    6  -37    0   23   29   32    8  -26   38   43    0  -34    0    0   45   42    0    2    0   -8
   41   42    0    1    7  -50  -32  -24  -21   -5  -29    0  -14    0   33    0    0   17    0   32   -7   -9   34    0    6    3    0    0    0  -17    0   45   46   -4   23
   20  -17   45   39  -25    0   -4  -46   41  -31   35    2  -21    0   34   33   46   -1   24  -12    0   44    5  -25   45   -4   39   45  -17    0    0  -18  -42  -32   49
  -49   39  -13   43   -5    0  -36    0    5    0    0   -5   20   -5    0    0    8   37  -24    0   46    0   39   -1   35    0   38   42    0    0    0   34  -31    0    0
   32  -20   30  -44   10   12    6  -24  -29  -17   25  -49    3    0  -22   -3    8   21  -15    0  -50   -4  -50    0  -13  -13    0    0   45  -18   34    0   -5  -45   13
  -33    0  -45  -34   14    0  -48    0  -40    0   27   43    1    0    2    0    0   -7    0   34   17  -42   21   41   38   -9    0    2   46  -42  -31   -5    0   11  -44
   50   -2   29   38  -19   17    0  -25  -16   36   26  -38  -12   28  -49  -14  -22    9    1    0   -3    6    0    0    5    0   36    0   -4  -32    0  -45   11    0    0
   -2    0    4   45    0  -10   43   35   39   -9    3    0   40    0  -30   22  -10   40    0  -27   22  -38    0   29    1   -3   47   -8   23   49    0   13  -44    0    0
