QBPP_HJ+_35_050_20_3
35 85 3760
21 49 49 28 12 1 30 17 3 45 17 2 29 45 15 22 11 40 3 15 14 41 41 18 25 36 19 23 39 31 29 19 19 15 20
    0   59    0    0   96    0   77    0   83    0   88   13   61    0    0    0   20   14    0    0   67   51    0   23    0    0    0   79    0    9    0   26   53   26    0
   59    0    0    0    0   49   82    0    0    0   53    0    0    0    0    0   86   48    0    0   31    0    0   26    0   18    0   13   54    0    0   58   52    0    0
    0    0    0    0   67    0    0   55   28   43    1    0    0    8   46    0   11    0    0    0    0    0   25   29   45    2   81   89   28   88   84   57    0    0    0
    0    0    0    0   53    0   56    0   59   53   68   94   31    7    0    0    0   26    0   97    0   19    0    0    0   32    0    0   75   45    0   65   87    2   70
   96    0   67   53    0    0   21    0    0    0   68   56   28    0   61    0   73   12   90    0    0    0    0   39   40   56    0    0    0   75   55    0    0    0   77
    0   49    0    0    0    0   58   15    0   29   34    0    0    9    0   22    0    0   67   98   96   75    6   96    0   34   99    0   20    7    7    0   58   71    0
   77   82    0   56   21   58    0   95   65   46   85   47    0   93    0    0    6   61   21   10   55   55    0   36    0    0    0   54    7   28   14   62    0   70   87
    0    0   55    0    0   15   95    0   87   57    0    0   46   79   98   59   72    0    0   75    0   57   85    0    0    0    0   81    0    0   88   28    0    0   52
   83    0   28   59    0    0   65   87    0    0    0    0    0    0    0    0    0    0   32    0    0    0   77   59   54   50    8   13    0   33    0    0    0   62   44
    0    0   43   53    0   29   46   57    0    0    0    0   56   98   54    9    0    0    0   74    0    0    0    0   79    0    0   88   28   60   15   39   62   71    0
   88   53    1   68   68   34   85    0    0    0    0    0    9    0    0    0   79   52    9    0    0  100    0   86    0   96   14   88   71    0    0    0   26   72   52
   13    0    0   94   56    0   47    0    0    0    0    0   96   46   67   86    0    0   12    0   17   96    5    0    0   10   13   12    0    0   39   64    0    0    0
   61    0    0   31   28    0    0   46    0   56    9   96    0   72    0   52    0   68    0    0    0    0    0   54    8    6   61    4    0   15    0    0   79    0   65
    0    0    8    7    0    9   93   79    0   98    0   46   72    0   59    0   23   43   25   29    0   98  100    0    0   25   31   43    0    0    0   31    0   54    0
    0    0   46    0   61    0    0   98    0   54    0   67    0   59    0    0    0   89    0    3    2   39    0    0   43    1    0   22    0    0   96    0    3    0   83
    0    0    0    0    0   22    0   59    0    9    0   86   52    0    0    0    0    0    0   26    2   51    0    0   39   28    0    0    0    0    0   11    0    0   46
   20   86   11    0   73    0    6   72    0    0   79    0    0   23    0    0    0   81   27   49   86    5    0    0    0    0   11   92   58    0   81    0    0   71   76
   14   48    0   26   12    0   61    0    0    0   52    0   68   43   89    0   81    0   17   58   65   48    0    0   37    0    0    0   51    0    0    0    0    4    0
    0    0    0    0   90   67   21    0   32    0    9   12    0   25    0    0   27   17    0   52    0    0   83   40   63    0   85    0    0    0   10   17    0    0    0
    0    0    0   97    0   98   10   75    0   74    0    0    0   29    3   26   49   58   52    0    0    0   35   71   32   88   88   95   39    0   43   50    0   64   38
   67   31    0    0    0   96   55    0    0    0    0   17    0    0    2    2   86   65    0    0    0    0   32    0   34    0    0    0    0   84    0   76    0   17    0
   51    0    0   19    0   75   55   57    0    0  100   96    0   98   39   51    5   48    0    0    0    0   53   82    8   30    0    0    0   51    0    0   67   68    0
    0    0   25    0    0    6    0   85   77    0    0    5    0  100    0    0    0    0   83   35   32   53    0    0    0    0   58   87    3    9    0   24    0    0    0
   23   26   29    0   39   96   36    0   59    0   86    0   54    0    0    0    0    0   40   71    0   82    0    0    0   20   53    0    0   61    2   98   51    0    0
    0    0   45    0   40    0    0    0   54   79    0    0    8    0   43   39    0   37   63   32   34    8    0    0    0   68    2    0   30   21    0    0   62   49    0
    0   18    2   32   56   34    0    0   50    0   96   10    6   25    1   28    0    0    0   88    0   30    0   20   68    0   59    0   68    0    0    0   36   73   70
    0    0   81    0    0   99    0    0    8    0   14   13   61   31    0    0   11    0   85   88    0    0   58   53    2   59    0    0    6    0    0    0    0   64    0
   79   13   89    0    0    0   54   81   13   88   88   12    4   43   22    0   92    0    0   95    0    0   87    0    0    0    0    0    0    0   21   60    0   78    0
    0   54   28   75    0   20    7    0    0   28   71    0    0    0    0    0   58   51    0   39    0    0    3    0   30   68    6    0    0   15    0    0    0    0   74
    9    0   88   45   75    7   28    0   33   60    0    0   15    0    0    0    0    0    0    0   84   51    9   61   21    0    0    0   15    0    0    0    0    0   13
    0    0   84    0   55    7   14   88    0   15    0   39    0    0   96    0   81    0   10   43    0    0    0    2    0    0    0   21    0    0    0   66    0   25    0
   26   58   57   65    0    0   62   28    0   39    0   64    0   31    0   11    0    0   17   50   76    0   24   98    0    0    0   60    0    0   66    0    0    0    0
   53   52    0   87    0   58    0    0    0   62   26    0   79    0    3    0    0    0    0    0    0   67    0   51   62   36    0    0    0    0    0    0    0    0    0
   26    0    0    2    0   71   70    0   62   71   72    0    0   54    0    0   71    4    0   64   17   68    0    0   49   73   64   78    0    0   25    0    0    0    0
    0    0    0   70   77    0   87   52   44    0   52    0   65    0   83   46   76    0    0   38    0    0    0    0    0   70    0    0   74   13    0    0    0    0    0
