QBPP_HJ+_40_050_10_1
40 190 536
31 9 12 26 17 8 11 13 23 9 5 43 28 39 31 21 20 39 50 8 5 45 50 38 30 15 15 3 25 32 10 20 49 14 41 28 20 9 14 41
    0    0   82    0    0    0   28   97   85    4    0    0   63   91    0   74   30    0   14    0   21   74    0   17    0   33   46   94    0    0    0    0   64   87   59    0   90   60   56    3
    0    0   46    0   24   63    0   19   16    0    0   54    0   44    0   32   16    2    0    0   77   11   52    0    0   23    0    0    0    0    0    0    3    0    0    0    0   26    0   22
   82   46    0   12   23   33   45    0    0   64    0   70    0    0    0    2   60   35   71   64   35    0    0   16   54    0    0    0   31   83   67    0   49   42   73    0    0    8   83    0
    0    0   12    0   23    0    0    0    0    0   66   49   38    0    0   83   27    0   13    0   42    0   70   45    0    0    0    0   93    0    0    0   60   84   32   59   54   25    0    0
    0   24   23   23    0   46   69    0    0    0    0    8   58   25    0    0   61   96    0   96    0    0   43    0   93   13    0   52   81    0   21    0    0    0   15   67   34    0    0    0
    0   63   33    0   46    0   54   26    0    0  100    0    0   44    5    0   15    0    0    0   37    0    0   13   50   66    0   75    0    0    0   46    0    2    0   20   83    0   83   11
   28    0   45    0   69   54    0    0    0    0   99    0   19   23    0    0    0    0   34    0   98   89   30    0    0    0   58   27   17   56    0   19   59   74   48    0   83    0   85   90
   97   19    0    0    0   26    0    0   28    0    0    0    0    0    0    0    0   71    0   61    5    8   19    0    0    0   87    0    0    3    0    0    0   51    0   69    0   49    0    0
   85   16    0    0    0    0    0   28    0   95    0   24   86    0    2   61    0    8    0   65   42    0   67    0   61    1    0    0   91   90    0    8  100   79    0    0   62    0   24   19
    4    0   64    0    0    0    0    0   95    0    0   71    0    0   31    0   52   79   27    0   96    0   62    0    0   95    6    0    0    0    0   95    0   80    0    0    0    0    0   77
    0    0    0   66    0  100   99    0    0    0    0    0   67    0   92   92    0    0   99    0   71    0   87   88    0    0    0   43   33    0   49    0   29    5   37   39   12   44   65    0
    0   54   70   49    8    0    0    0   24   71    0    0    0    0   24    0    0   59    0    0   46    0   14    0   61    0    0   30    0    8    0    0   84   42    0    0    0   23    8   75
   63    0    0   38   58    0   19    0   86    0   67    0    0   54   19   68   89    0   28    0    0    0   95    0    0    0   75   75   64    0   54    0    0   55    0    0    0    0   53    0
   91   44    0    0   25   44   23    0    0    0    0    0   54    0   43    0   43   37   18    0    0   82    0    0   74   40    0    0    3   15   26  100   31   38   64    0   54    4    0    0
    0    0    0    0    0    5    0    0    2   31   92   24   19   43    0   44   73    0   90    5    5    0    0   85   16   59   46   62    0    0   63    0   53    0    0    0   23    0    2    0
   74   32    2   83    0    0    0    0   61    0   92    0   68    0   44    0   51   78   78   72   38   89    0    0    0   46   79    0    0   86    0    0    0    0   19   68    1    0    4    0
   30   16   60   27   61   15    0    0    0   52    0    0   89   43   73   51    0   44    0    0   50   22    0   15    3    0    0    0   46    0    0    0    0   69    0   91    1   97   97    0
    0    2   35    0   96    0    0   71    8   79    0   59    0   37    0   78   44    0    0   18    0    0    0    6    0    0    0   25   91   24   99    0    0   77   29   28   12    0   80   69
   14    0   71   13    0    0   34    0    0   27   99    0   28   18   90   78    0    0    0   78    0    0   40    0   82    0    0   34    0   83    6   87   87   96    0   79    0    0   49    0
    0    0   64    0   96    0    0   61   65    0    0    0    0    0    5   72    0   18   78    0    0    0    0    0   20   35    0   21   34   31   77    0   88   80   55   95    0   54    0   21
   21   77   35   42    0   37   98    5   42   96   71   46    0    0    5   38   50    0    0    0    0   34    0   20   81   95    0   12   34   27    0   20    0   34    0   34    0   79  100    0
   74   11    0    0    0    0   89    8    0    0    0    0    0   82    0   89   22    0    0    0   34    0   82   91    0   73   99   13   36    0   79   53   67   74   80    0   58   41   13    0
    0   52    0   70   43    0   30   19   67   62   87   14   95    0    0    0    0    0   40    0    0   82    0    0   72    0    0    0    5    0   15    0   80    0   88    0   24    0    0    0
   17    0   16   45    0   13    0    0    0    0   88    0    0    0   85    0   15    6    0    0   20   91    0    0    0   70    0   36    0    0    0    0    0   19   52    0   60   46    0    0
    0    0   54    0   93   50    0    0   61    0    0   61    0   74   16    0    3    0   82   20   81    0   72    0    0    0    0   42    0    0   49   92    0    0    0   53    0    0    7    8
   33   23    0    0   13   66    0    0    1   95    0    0    0   40   59   46    0    0    0   35   95   73    0   70    0    0   83    0    0   79   53   66    1    0    0    0    0    0   92   25
   46    0    0    0    0    0   58   87    0    6    0    0   75    0   46   79    0    0    0    0    0   99    0    0    0   83    0    0   82    0   97    0    0   23    0   75    0    0    0    0
   94    0    0    0   52   75   27    0    0    0   43   30   75    0   62    0    0   25   34   21   12   13    0   36   42    0    0    0    0    4   18    0    0    8   11    0   94    0   41   91
    0    0   31   93   81    0   17    0   91    0   33    0   64    3    0    0   46   91    0   34   34   36    5    0    0    0   82    0    0   28    0    0    0    0    0   26    0    0    0    0
    0    0   83    0    0    0   56    3   90    0    0    8    0   15    0   86    0   24   83   31   27    0    0    0    0   79    0    4   28    0   91   74    0    0    0    0   36   46    0    0
    0    0   67    0   21    0    0    0    0    0   49    0   54   26   63    0    0   99    6   77    0   79   15    0   49   53   97   18    0   91    0    0    0   70    0    0    0    5    2    0
    0    0    0    0    0   46   19    0    8   95    0    0    0  100    0    0    0    0   87    0   20   53    0    0   92   66    0    0    0   74    0    0    0   50   54    0    0   66    0   72
   64    3   49   60    0    0   59    0  100    0   29   84    0   31   53    0    0    0   87   88    0   67   80    0    0    1    0    0    0    0    0    0    0    0   79   58    4    0   10   22
   87    0   42   84    0    2   74   51   79   80    5   42   55   38    0    0   69   77   96   80   34   74    0   19    0    0   23    8    0    0   70   50    0    0    0   46    0    0    0   16
   59    0   73   32   15    0   48    0    0    0   37    0    0   64    0   19    0   29    0   55    0   80   88   52    0    0    0   11    0    0    0   54   79    0    0    0    0    0   33    5
    0    0    0   59   67   20    0   69    0    0   39    0    0    0    0   68   91   28   79   95   34    0    0    0   53    0   75    0   26    0    0    0   58   46    0    0    0    0    0   62
   90    0    0   54   34   83   83    0   62    0   12    0    0   54   23    1    1   12    0    0    0   58   24   60    0    0    0   94    0   36    0    0    4    0    0    0    0    0    0    0
   60   26    8   25    0    0    0   49    0    0   44   23    0    4    0    0   97    0    0   54   79   41    0   46    0    0    0    0    0   46    5   66    0    0    0    0    0    0    0    0
   56    0   83    0    0   83   85    0   24    0   65    8   53    0    2    4   97   80   49    0  100   13    0    0    7   92    0   41    0    0    2    0   10    0   33    0    0    0    0   21
    3   22    0    0    0   11   90    0   19   77    0   75    0    0    0    0    0   69    0   21    0    0    0    0    8   25    0   91    0    0    0   72   22   16    5   62    0    0   21    0
