QBPP_HJ*_45_050_20_1
45 116 15
41 31 33 31 1 33 49 49 1 44 32 43 17 22 20 23 40 35 30 22 5 9 32 49 22 26 29 5 8 21 18 47 3 37 33 50 22 36 15 16 28 15 20 9 7
    0    0    0    0    0    0    0  -21  -29   41    0    0    0    0    0    0  -29   39  -44    0    0    2    0    0    0  -15    0    1   39  -47    0  -15    0    0    0    0   16    8    0  -23  -22    1  -28  -30   45
    0    0    0    0  -21    0    0   36   49    0    0  -30    0    0    0   19    0    0    0    0  -43    0  -12  -13   34  -47    0    0    0   27    0   17    0   46   23    0   35   41    0    0  -22    0    0    0    0
    0    0    0    0    0    0    0  -12    0    0    0   48  -26   14   42   39  -40   24   39    0    0    0    0    0  -22    0    0  -30    0   -9    0   10    0  -35    0    0   38    0    0    0   35    0    2    0  -20
    0    0    0    0    0    0    6    0   32   38  -34   -1  -28  -23    0    0    0    0   32    0    0   48   36    0    0    0    0   46    0   -1  -20    0    7    0    0  -36   -5    0    1    0   10  -24    0    0  -32
    0  -21    0    0    0  -46   24   35   35    0    0   16   50  -36    0   40   21    8   -8  -23  -39    0    0    2  -27    0   26    0    0    0    0    0    0  -45    0    2  -36    0   23  -18  -27    0    8   46  -16
    0    0    0    0  -46    0  -29    0  -14    0    0    0  -50    0    0  -25  -28    3   -4    0    1  -23    0   28   -2   12    2    0    0   -3   29   39   -9   36   48  -50    0   41  -24    0   50    0   13  -49    0
    0    0    0    6   24  -29    0    0    0    2    0  -24    0   41    0   17  -14   22   12    0    0    0    0    0   20  -45   -6    0    0    0  -35    0    0  -19    0    0   44   19   49    0  -23   27    0   40  -16
  -21   36  -12    0   35    0    0    0    8  -30    0  -16    0    0    0   -5   22    0    8    0  -10    0  -48    0    0    0  -14  -38    0    0  -13  -26    0    0   32    0    0    0   -3  -13    0   31  -48   -1    0
  -29   49    0   32   35  -14    0    8    0   -2    0    0    0  -11  -37    0   41  -41    0    0    0    0    0    0    3    0  -37    6   49    0   23    0   30    0  -39    0  -48   24    0    0  -42   19    0  -36  -29
   41    0    0   38    0    0    2  -30   -2    0    0    0    0  -18   -2    8   47    0   43   46    0    4    0    1    0   11    0  -49  -47    0    0    2    0    0   40    0  -10    0   47    0   -2    0  -13    0   35
    0    0    0  -34    0    0    0    0    0    0    0  -19    0    0    0  -23    0   26  -39    0  -48  -33    3    0    0    0    0    0    0    0  -41   13    0    0   23   42    0   21    0    0    0   35    6    0    0
    0  -30   48   -1   16    0  -24  -16    0    0  -19    0    7   37   13    0    0    0    0   36  -36  -44    6    5    0    6   48    3    0    0  -11   31  -49   11   -9    1    0   27    0   30    0   35   33    0    0
    0    0  -26  -28   50  -50    0    0    0    0    0    7    0    0  -44   48   42   32    8  -30  -13  -20    0    0    0   28    0    0  -29    0    0    0  -31  -22  -30    3    0    0    0    0   -7    0   24    0  -38
    0    0   14  -23  -36    0   41    0  -11  -18    0   37    0    0    1   -7    0    0   13  -20   31  -47  -50    0   38   43   20   41  -31   -5   -2  -23    0  -12    0    0   40    0  -45   46    0  -13    0    0   -3
    0    0   42    0    0    0    0    0  -37   -2    0   13  -44    1    0  -29   35    0    0   23  -11  -32   12    0    0    0    0   15    0    0   15    0  -29  -48  -24   13  -40    0    0    0    0   38    0    7  -45
    0   19   39    0   40  -25   17   -5    0    8  -23    0   48   -7  -29    0    0  -30    0    0    0  -16    0  -31    0    0   44    0   37  -49  -11    8   33    0    0    0   12  -22  -40    0    0  -23    0    0    0
  -29    0  -40    0   21  -28  -14   22   41   47    0    0   42    0   35    0    0   40    0    0    0    0   17    0    0   26    0    0  -47   29    0   24    0  -39    7    0    0  -45   40    0   21   49    0    0    0
   39    0   24    0    8    3   22    0  -41    0   26    0   32    0    0  -30   40    0  -22   33    0   27   -8    0  -31   32   30    0  -13    0   11    0    0  -17    0    0    0    8  -40    0  -12  -23    0    2   39
  -44    0   39   32   -8   -4   12    8    0   43  -39    0    8   13    0    0    0  -22    0  -48    3    0  -30    4  -33  -43  -30    0    0    0   46    0    0    0  -32  -46    0    0    0    0    2    0    0    0   23
    0    0    0    0  -23    0    0    0    0   46    0   36  -30  -20   23    0    0   33  -48    0  -14    0    0    8    0  -24    0    0    0   46    0  -22   18    0    0    0    0    0    0    0    0   10    0    0    0
    0  -43    0    0  -39    1    0  -10    0    0  -48  -36  -13   31  -11    0    0    0    3  -14    0    0   22    0   44  -29    0  -39    0   33  -19    0   -2    0    0  -48   19    1    0   40    0    2   47    0    0
    2    0    0   48    0  -23    0    0    0    4  -33  -44  -20  -47  -32  -16    0   27    0    0    0    0    0  -36    0   29    0  -25  -13    0    4  -13    0    0    0   32   33    0  -12    0    5    0   -8    0   16
    0  -12    0   36    0    0    0  -48    0    0    3    6    0  -50   12    0   17   -8  -30    0   22    0    0    0  -23    0    0    0   24  -37    0   35    0   -3    0    0    0   -5   11   19   -8   12  -28  -27    0
    0  -13    0    0    2   28    0    0    0    1    0    5    0    0    0  -31    0    0    4    8    0  -36    0    0    0    0  -39    0    0   -1    0    0   47   16    0    0   16    0   26   -5   20    0  -48    0   36
    0   34  -22    0  -27   -2   20    0    3    0    0    0    0   38    0    0    0  -31  -33    0   44    0  -23    0    0    0  -29    0    0    0  -45   -5  -18   16   11    0    2   41    0   50    0   28    3    0    0
  -15  -47    0    0    0   12  -45    0    0   11    0    6   28   43    0    0   26   32  -43  -24  -29   29    0    0    0    0  -23   22  -34    0  -41  -26  -17   21    7    0  -29  -39    0   48    0    0    0    0    0
    0    0    0    0   26    2   -6  -14  -37    0    0   48    0   20    0   44    0   30  -30    0    0    0    0  -39  -29  -23    0    0   50   22    0   18   26  -39    0    0   -6    0  -35    3   49   13   45    0    0
    1    0  -30   46    0    0    0  -38    6  -49    0    3    0   41   15    0    0    0    0    0  -39  -25    0    0    0   22    0    0    0    0    0   23  -26   22  -48    0    9    0  -30    0    0  -30    0    0    0
   39    0    0    0    0    0    0    0   49  -47    0    0  -29  -31    0   37  -47  -13    0    0    0  -13   24    0    0  -34   50    0    0    0  -23    9   47    0  -18    0   24   34    0    0  -30    0    0    0    0
  -47   27   -9   -1    0   -3    0    0    0    0    0    0    0   -5    0  -49   29    0    0   46   33    0  -37   -1    0    0   22    0    0    0    4  -10    0  -50  -16  -15    0    0  -19   42    0    0    0    0   21
    0    0    0  -20    0   29  -35  -13   23    0  -41  -11    0   -2   15  -11    0   11   46    0  -19    4    0    0  -45  -41    0    0  -23    4    0    0    0  -20    0   16  -40    0   -4   40   40  -36    4    0    0
  -15   17   10    0    0   39    0  -26    0    2   13   31    0  -23    0    8   24    0    0  -22    0  -13   35    0   -5  -26   18   23    9  -10    0    0    0   43    0    0  -43  -36    0   11  -14   32  -29   38   21
    0    0    0    7    0   -9    0    0   30    0    0  -49  -31    0  -29   33    0    0    0   18   -2    0    0   47  -18  -17   26  -26   47    0    0    0    0    0  -37   26    0   20  -45   30    0    0  -36    0    0
    0   46  -35    0  -45   36  -19    0    0    0    0   11  -22  -12  -48    0  -39  -17    0    0    0    0   -3   16   16   21  -39   22    0  -50  -20   43    0    0  -46    0    0   -3  -16    0   33  -32   -5  -15  -46
    0   23    0    0    0   48    0   32  -39   40   23   -9  -30    0  -24    0    7    0  -32    0    0    0    0    0   11    7    0  -48  -18  -16    0    0  -37  -46    0    0    0    3  -18    0    9    3    0    0    0
    0    0    0  -36    2  -50    0    0    0    0   42    1    3    0   13    0    0    0  -46    0  -48   32    0    0    0    0    0    0    0  -15   16    0   26    0    0    0    0    0    0    0  -49    0   26    0   32
   16   35   38   -5  -36    0   44    0  -48  -10    0    0    0   40  -40   12    0    0    0    0   19   33    0   16    2  -29   -6    9   24    0  -40  -43    0    0    0    0    0   40    0    0   11    0    0    0  -34
    8   41    0    0    0   41   19    0   24    0   21   27    0    0    0  -22  -45    8    0    0    1    0   -5    0   41  -39    0    0   34    0    0  -36   20   -3    3    0   40    0    0    0    0    0    0    0    9
    0    0    0    1   23  -24   49   -3    0   47    0    0    0  -45    0  -40   40  -40    0    0    0  -12   11   26    0    0  -35  -30    0  -19   -4    0  -45  -16  -18    0    0    0    0    0    0  -13    0   26    0
  -23    0    0    0  -18    0    0  -13    0    0    0   30    0   46    0    0    0    0    0    0   40    0   19   -5   50   48    3    0    0   42   40   11   30    0    0    0    0    0    0    0    0   -4  -38   22   37
  -22  -22   35   10  -27   50  -23    0  -42   -2    0    0   -7    0    0    0   21  -12    2    0    0    5   -8   20    0    0   49    0  -30    0   40  -14    0   33    9  -49   11    0    0    0    0    0    0  -43   23
    1    0    0  -24    0    0   27   31   19    0   35   35    0  -13   38  -23   49  -23    0   10    2    0   12    0   28    0   13  -30    0    0  -36   32    0  -32    3    0    0    0  -13   -4    0    0  -11   46   -6
  -28    0    2    0    8   13    0  -48    0  -13    6   33   24    0    0    0    0    0    0    0   47   -8  -28  -48    3    0   45    0    0    0    4  -29  -36   -5    0   26    0    0    0  -38    0  -11    0   18    0
  -30    0    0    0   46  -49   40   -1  -36    0    0    0    0    0    7    0    0    2    0    0    0    0  -27    0    0    0    0    0    0    0    0   38    0  -15    0    0    0    0   26   22  -43   46   18    0    0
   45    0  -20  -32  -16    0  -16    0  -29   35    0    0  -38   -3  -45    0    0   39   23    0    0   16    0   36    0    0    0    0    0   21    0   21    0  -46    0   32  -34    9    0   37   23   -6    0    0    0
