QBPP_HJ*_40_075_10_2
40 183 7
37 28 32 45 21 10 17 46 19 31 25 47 14 1 47 8 2 30 34 31 16 46 28 23 19 20 32 10 15 50 8 19 2 3 9 14 10 25 8 33
    0    0    0    0    6   35    0    0  -25   36    0   -9   -6   28    6   -1   19  -18    0  -14   10  -40    0    0   -8  -35   22   41  -30  -12  -25    0   40  -20   19   34    0    0   48   33
    0    0  -43    7  -28   48  -42   -5   -6    4  -12   34  -28  -12  -29  -28    0  -34    7  -42    7  -49   40  -24    0  -31   17    0  -15   27    5    0   -6    0  -13  -38    0   -3  -48    0
    0  -43    0  -46   38   35  -19   -5  -10  -23  -30   44  -16  -28  -12   41   38   -2   36   -7   41   39  -27    0    6   46   16    0    0  -46   -6    0   43   37  -24    2   22   48   38  -37
    0    7  -46    0   -6   32  -46    0    3   38  -44  -21   37   -6   -7    0   16  -34   11    0  -41  -47    0  -28  -30    6  -20  -25  -34    0   42  -47  -41  -27    0    0   23    0  -38   16
    6  -28   38   -6    0  -39   24   44    0    0   16   10   15  -47    0    0   28   14    0    3    0  -42  -19   37    0  -19  -43  -33   14  -45    7   25    7   21  -48   -9    0   -2  -21  -30
   35   48   35   32  -39    0  -35  -24    0    0   28    0   41   -8    0  -10    0   50    0   24   10   15    0  -41  -16    0   31   49  -22  -41   46    0    0    5    0    0   20   35    0    0
    0  -42  -19  -46   24  -35    0    0   22   22   20    4  -32  -29   21    0  -34   14    0  -30  -28  -46   48   39  -16    0  -47   38   25   -9  -12    0   28  -48    3   34   33  -30    6    0
    0   -5   -5    0   44  -24    0    0    0   37    5   17   21   -6   32   27    0  -39  -46  -20    0    0   18  -17    0  -17   49   -9   27  -42    6   17   -5  -39   -7  -27  -42   35   31  -12
  -25   -6  -10    3    0    0   22    0    0   17   45  -16    3    0    0   -4  -48  -15  -17  -39   -6  -20  -29  -17   33    0    0   21    0   43  -20   28   31  -33   -5    0    0    0   -3    0
   36    4  -23   38    0    0   22   37   17    0  -29   50   18    9   -7    0   39   28   45  -17    0   47  -26   44   13  -45    4  -24   47   32  -16   48    0  -37    3  -39  -35    3    0   -4
    0  -12  -30  -44   16   28   20    5   45  -29    0   36    0   43    0  -32   -5  -31   29    0   -9   28  -44   30   45   32  -11    0    0   18   23    0    0  -47    0  -32  -50   44    0    0
   -9   34   44  -21   10    0    4   17  -16   50   36    0   50  -41   44  -15   24    0    0  -36   44  -23   50    0  -18    0   -5  -15   -4  -21  -39   38    0    0  -25   49    7   -4   16   37
   -6  -28  -16   37   15   41  -32   21    3   18    0   50    0    0  -21    0    0    0   42   37    0   -1    7  -37    0   32  -22    0   17    0   29  -20   32    0   11    0  -37   44    0   29
   28  -12  -28   -6  -47   -8  -29   -6    0    9   43  -41    0    0   33    0  -48  -48   38  -13    0  -27  -38    0  -42   -1   31  -19   49   19  -27   -6   43    0    3    5  -50  -24    0  -10
    6  -29  -12   -7    0    0   21   32    0   -7    0   44  -21   33    0   -8   45    5  -19  -26  -28  -49    0    0    0    0  -43   44   -3  -30   32   34  -32    0    0    4   -4  -17   20   16
   -1  -28   41    0    0  -10    0   27   -4    0  -32  -15    0    0   -8    0   38  -18    0  -26  -43  -36    0   31    0    4  -14    0    6   40   13   42    0    0   35  -46  -14   43    0   43
   19    0   38   16   28    0  -34    0  -48   39   -5   24    0  -48   45   38    0  -45    0  -12   47   -3   20  -20   27    0    0    0  -26   35   26  -28    7   17    0   30  -26   40    9  -44
  -18  -34   -2  -34   14   50   14  -39  -15   28  -31    0    0  -48    5  -18  -45    0    0    0   -6   12    0  -20    0  -46    7    0    0    1  -32  -39   36   46   -9   14   34  -33    0   33
    0    7   36   11    0    0    0  -46  -17   45   29    0   42   38  -19    0    0    0    0  -14  -37   -7   16   25   13    0    0    0   49    0  -30   42   47  -39   -6    0  -23   -9   39  -42
  -14  -42   -7    0    3   24  -30  -20  -39  -17    0  -36   37  -13  -26  -26  -12    0  -14    0    7    0   13    0  -36  -26  -27   34  -18   -1   18   37  -44  -43    0    0    8   -7  -45   36
   10    7   41  -41    0   10  -28    0   -6    0   -9   44    0    0  -28  -43   47   -6  -37    7    0   18    6  -11  -35   24   24   30  -21    0   16  -50   30   42  -35  -29    6    3   12    0
  -40  -49   39  -47  -42   15  -46    0  -20   47   28  -23   -1  -27  -49  -36   -3   12   -7    0   18    0   14  -22  -46    0  -32    2  -48   18  -11   37    7    0   21  -35   42    0   23    0
    0   40  -27    0  -19    0   48   18  -29  -26  -44   50    7  -38    0    0   20    0   16   13    6   14    0    0   42    8   -7  -14   15    0  -17  -24    0  -13   35  -10  -18  -21   25   42
    0  -24    0  -28   37  -41   39  -17  -17   44   30    0  -37    0    0   31  -20  -20   25    0  -11  -22    0    0  -11  -13  -45    0    0  -49   34   41   30   38   28    0  -21    0  -25   20
   -8    0    6  -30    0  -16  -16    0   33   13   45  -18    0  -42    0    0   27    0   13  -36  -35  -46   42  -11    0  -29   -4   37   -6   -4    0   23    0  -32   -5    0   39   41   22   32
  -35  -31   46    6  -19    0    0  -17    0  -45   32    0   32   -1    0    4    0  -46    0  -26   24    0    8  -13  -29    0    0  -31    0   12   37   -1   36   50    6  -23    0  -11    0  -10
   22   17   16  -20  -43   31  -47   49    0    4  -11   -5  -22   31  -43  -14    0    7    0  -27   24  -32   -7  -45   -4    0    0    0  -16   20    0  -20  -10  -43   -7   -4   -4    0    0   22
   41    0    0  -25  -33   49   38   -9   21  -24    0  -15    0  -19   44    0    0    0    0   34   30    2  -14    0   37  -31    0    0  -15   30   38  -38  -34    0   30    0    0    0    0  -18
  -30  -15    0  -34   14  -22   25   27    0   47    0   -4   17   49   -3    6  -26    0   49  -18  -21  -48   15    0   -6    0  -16  -15    0    0  -34   -4    0    0  -14   46    0   31   36   41
  -12   27  -46    0  -45  -41   -9  -42   43   32   18  -21    0   19  -30   40   35    1    0   -1    0   18    0  -49   -4   12   20   30    0    0   50   28  -25    0   38   12  -39   12    0   -5
  -25    5   -6   42    7   46  -12    6  -20  -16   23  -39   29  -27   32   13   26  -32  -30   18   16  -11  -17   34    0   37    0   38  -34   50    0   -1  -26   -9    9   23  -42  -47   26    0
    0    0    0  -47   25    0    0   17   28   48    0   38  -20   -6   34   42  -28  -39   42   37  -50   37  -24   41   23   -1  -20  -38   -4   28   -1    0   12    0    0   38  -10    0    0   -1
   40   -6   43  -41    7    0   28   -5   31    0    0    0   32   43  -32    0    7   36   47  -44   30    7    0   30    0   36  -10  -34    0  -25  -26   12    0  -17    0    0  -13  -42   35    0
  -20    0   37  -27   21    5  -48  -39  -33  -37  -47    0    0    0    0    0   17   46  -39  -43   42    0  -13   38  -32   50  -43    0    0    0   -9    0  -17    0  -42    0  -44  -42  -29    0
   19  -13  -24    0  -48    0    3   -7   -5    3    0  -25   11    3    0   35    0   -9   -6    0  -35   21   35   28   -5    6   -7   30  -14   38    9    0    0  -42    0    0   34    0   17   20
   34  -38    2    0   -9    0   34  -27    0  -39  -32   49    0    5    4  -46   30   14    0    0  -29  -35  -10    0    0  -23   -4    0   46   12   23   38    0    0    0    0  -31   49   34   21
    0    0   22   23    0   20   33  -42    0  -35  -50    7  -37  -50   -4  -14  -26   34  -23    8    6   42  -18  -21   39    0   -4    0    0  -39  -42  -10  -13  -44   34  -31    0   34  -44    0
    0   -3   48    0   -2   35  -30   35    0    3   44   -4   44  -24  -17   43   40  -33   -9   -7    3    0  -21    0   41  -11    0    0   31   12  -47    0  -42  -42    0   49   34    0  -25  -32
   48  -48   38  -38  -21    0    6   31   -3    0    0   16    0    0   20    0    9    0   39  -45   12   23   25  -25   22    0    0    0   36    0   26    0   35  -29   17   34  -44  -25    0    0
   33    0  -37   16  -30    0    0  -12    0   -4    0   37   29  -10   16   43  -44   33  -42   36    0    0   42   20   32  -10   22  -18   41   -5    0   -1    0    0   20   21    0  -32    0    0
