QBPP_HJ-_30_050_10_2
30 117 495
8 35 48 37 22 11 3 5 7 39 4 13 48 28 1 49 25 3 2 10 17 32 4 14 4 2 9 42 9 50
    0  -22    0  -46   -8  -63    0  -56    0   -1  -49  -59  -62    0    0  -48  -80    0    0  -86    0    0  -45    0    0    0  -28  -55  -60  -78
  -22    0    0  -48    0  -86    0    0  -92  -99    0   -6  -44  -78    0  -56    0    0    0  -84  -30    0    0    0    0    0  -39  -39  -95  -38
    0    0    0  -82  -83    0   -4    0    0    0    0  -99  -79  -75    0    0  -63    0  -66    0    0    0    0    0    0    0   -7    0    0   -9
  -46  -48  -82    0  -91    0    0    0  -85    0    0  -24    0    0    0    0    0    0  -69    0    0    0    0   -9  -68  -41  -15    0    0  -87
   -8    0  -83  -91    0    0  -39    0    0    0  -90  -17  -78    0  -94    0    0  -44  -16    0  -87    0  -20    0    0    0    0    0    0    0
  -63  -86    0    0    0    0    0  -99    0  -28  -31    0  -23    0    0    0  -57  -64  -61    0  -74  -57    0    0    0  -94  -94  -75  -35  -72
    0    0   -4    0  -39    0    0  -61    0  -11  -46    0    0    0    0    0  -62  -48    0  -58  -21    0  -27  -90  -15    0    0  -98    0   -7
  -56    0    0    0    0  -99  -61    0  -11  -24    0  -65    0    0    0    0  -16    0  -65  -39    0    0    0    0  -91  -32    0  -92  -58    0
    0  -92    0  -85    0    0    0  -11    0  -44    0    0    0    0    0    0    0  -78    0   -9    0    0    0  -77   -1    0    0    0  -90    0
   -1  -99    0    0    0  -28  -11  -24  -44    0    0    0    0    0  -29    0  -85    0    0   -9    0  -57    0    0    0  -22    0    0  -48    0
  -49    0    0    0  -90  -31  -46    0    0    0    0    0    0  -92  -39    0    0    0  -99  -33  -85    0  -51  -12  -91  -39    0    0  -32    0
  -59   -6  -99  -24  -17    0    0  -65    0    0    0    0  -63  -17    0    0  -47  -91  -32    0    0  -88    0    0    0    0    0    0   -1    0
  -62  -44  -79    0  -78  -23    0    0    0    0    0  -63    0    0   -3    0  -69  -14  -23  -63  -52  -96    0  -28  -55  -58    0    0    0    0
    0  -78  -75    0    0    0    0    0    0    0  -92  -17    0    0  -74  -51    0    0    0  -93    0  -60    0    0    0  -67    0  -74  -88    0
    0    0    0    0  -94    0    0    0    0  -29  -39    0   -3  -74    0    0  -55  -87   -8    0    0  -61  -97  -19    0    0    0    0    0    0
  -48  -56    0    0    0    0    0    0    0    0    0    0    0  -51    0    0    0  -62  -76  -21    0    0   -2    0    0    0  -23    0  -13  -46
  -80    0  -63    0    0  -57  -62  -16    0  -85    0  -47  -69    0  -55    0    0    0    0    0    0  -61  -19  -21    0    0    0    0    0    0
    0    0    0    0  -44  -64  -48    0  -78    0    0  -91  -14    0  -87  -62    0    0  -67    0    0    0    0  -10    0    0  -18  -57  -90    0
    0    0  -66  -69  -16  -61    0  -65    0    0  -99  -32  -23    0   -8  -76    0  -67    0    0  -64  -49    0    0    0  -81  -74  -83    0    0
  -86  -84    0    0    0    0  -58  -39   -9   -9  -33    0  -63  -93    0  -21    0    0    0    0    0    0  -25  -63    0  -63    0  -89  -29    0
    0  -30    0    0  -87  -74  -21    0    0    0  -85    0  -52    0    0    0    0    0  -64    0    0    0  -99    0  -36    0    0  -53    0  -97
    0    0    0    0    0  -57    0    0    0  -57    0  -88  -96  -60  -61    0  -61    0  -49    0    0    0    0    0    0  -51    0  -65    0   -3
  -45    0    0    0  -20    0  -27    0    0    0  -51    0    0    0  -97   -2  -19    0    0  -25  -99    0    0  -61    0  -82  -47  -23  -53  -95
    0    0    0   -9    0    0  -90    0  -77    0  -12    0  -28    0  -19    0  -21  -10    0  -63    0    0  -61    0  -79    0  -43  -39    0  -22
    0    0    0  -68    0    0  -15  -91   -1    0  -91    0  -55    0    0    0    0    0    0    0  -36    0    0  -79    0    0  -14    0  -23    0
    0    0    0  -41    0  -94    0  -32    0  -22  -39    0  -58  -67    0    0    0    0  -81  -63    0  -51  -82    0    0    0  -44    0    0  -73
  -28  -39   -7  -15    0  -94    0    0    0    0    0    0    0    0    0  -23    0  -18  -74    0    0    0  -47  -43  -14  -44    0    0  -91  -17
  -55  -39    0    0    0  -75  -98  -92    0    0    0    0    0  -74    0    0    0  -57  -83  -89  -53  -65  -23  -39    0    0    0    0    0    0
  -60  -95    0    0    0  -35    0  -58  -90  -48  -32   -1    0  -88    0  -13    0  -90    0  -29    0    0  -53    0  -23    0  -91    0    0  -99
  -78  -38   -9  -87    0  -72   -7    0    0    0    0    0    0    0    0  -46    0    0    0    0  -97   -3  -95  -22    0  -73  -17    0  -99    0
