QBPP_HJ*_45_075_20_2
45 103 20
1 23 22 1 14 14 42 18 15 18 45 13 22 5 45 44 15 21 36 44 11 13 2 37 22 14 40 18 23 12 28 9 24 9 35 48 44 36 36 10 7 14 24 41 9
    0  -10  -13   48   12   20   16    0  -26   11   45    9   -3   21  -36  -26   -4  -36   26    0   19   -2  -24    0  -25   25   35   33  -40   48   40  -21   35  -33   -4  -19  -29    0   -3   48   -6   18   34   28   46
  -10    0  -20    7   37  -40    0   29    3    0    0    0  -39   -3  -32   38   14    0    0    0   -9   -4  -11  -39  -14   -6   34    0   22    0   14   36   -1   36    0    0    0    0  -17    0  -38  -32    8   48    0
  -13  -20    0    0   47   38    6   43   45  -48   -7    0   38    8   36    0   25   40    0  -29    0   34  -33  -49  -46    9  -27  -18    0    0    0  -50  -17    0   -1  -46  -49    0    0   48    0  -45   48    0   34
   48    7    0    0  -47  -43    3  -19   46   -3   33    0    0   15    0  -23  -40   -8  -21  -38    0   -4    0    0   19  -27  -10  -32   36  -34    0  -26    8  -33  -48  -36  -16   16    0  -35   44    4  -31  -19    0
   12   37   47  -47    0   11  -49  -10  -49  -27   27    0    0  -43   -5   25  -31   13  -49   34   -9    0    6   46   45    0   -4   -3    0   29  -35  -39    0   38    0  -30  -26    8  -21   26  -40   -1    3   47   42
   20  -40   38  -43   11    0    1   34    9  -36  -28   26    0  -35  -31  -26  -16    0  -28  -19  -33    0   23    0    0    0  -44    0   22    0   12    0   35  -35    7  -22    4    0  -26    0   12   20  -18  -27   12
   16    0    6    3  -49    1    0    0    0    0   34  -21   11    8    0   38  -34   37   50  -21    0   49  -32  -10   10   22   32  -38  -18   31  -41   38  -44   21   23   10  -44    0   24   32    0    0  -15    0  -37
    0   29   43  -19  -10   34    0    0   22    0   45   -1    0    0    0  -11    0   34   37  -48    0   39    0    0  -25   46    0    0   -4  -50    0   35    0   38   30  -31    3   -9  -32    9    5    0  -41  -33  -21
  -26    3   45   46  -49    9    0   22    0  -22   38  -16   37   -1    0    0  -16  -20    0    0   12    0   44   16   -6    0    0    0  -36  -44   36    0    0   49   33  -40   28    0    0  -21  -24  -45    0  -19  -35
   11    0  -48   -3  -27  -36    0    0  -22    0   21   24   -4   16   41   -2  -12  -38   50    0  -32    0   -1  -24   31   50   28   18   44  -15  -20   -5  -42  -11   42    6    0  -31    0   41   -5    0    3    0   37
   45    0   -7   33   27  -28   34   45   38   21    0    0    0    0  -41   34  -37  -22   40   -3   43   12    0  -12   40   23    0  -10    0    0   40   11    0   -1    0  -20  -21   -5  -24   -6  -15   43   17   50  -41
    9    0    0    0    0   26  -21   -1  -16   24    0    0  -38  -20  -46   19  -50   -5   27   22   47  -48  -27   16    0  -38   22    0   18  -24  -29   49    0  -17    0  -20  -27    9   28  -25   28  -13    0  -15  -39
   -3  -39   38    0    0    0   11    0   37   -4    0  -38    0   39   12   -2  -34   -6    4  -14   36  -44   34  -46   40   10  -37    6    0    0   41   22    0    6   18   49   41   21  -42   45    0   -9  -44   16  -11
   21   -3    8   15  -43  -35    8    0   -1   16    0  -20   39    0    0  -41  -41  -43    0   -8   43  -15    7    0   15   28   28   11  -49   30    0    0   -7    0   50    0    0   44   40   44  -16  -47   29  -40  -12
  -36  -32   36    0   -5  -31    0    0    0   41  -41  -46   12    0    0  -26  -38  -30    0  -27  -48  -48  -21  -25   37  -24    0   -9   -3    5   -8   24  -36  -10    0   28  -31    9  -46    0  -21    0    0   16  -26
  -26   38    0  -23   25  -26   38  -11    0   -2   34   19   -2  -41  -26    0  -47    5   14   -5    0  -32    0   21  -32  -34   25   -2   14    0    0   -5  -34   35  -48   48    0   35  -13    0   47    0    0  -35   25
   -4   14   25  -40  -31  -16  -34    0  -16  -12  -37  -50  -34  -41  -38  -47    0    0  -38    0    3  -28  -47  -44   44  -20    0    6    7  -25  -36    0  -41    0  -44  -26   45  -14   16   -6    6    0    9    0   -1
  -36    0   40   -8   13    0   37   34  -20  -38  -22   -5   -6  -43  -30    5    0    0  -25   38    0    0    4    4  -30   -8   49    6    0    0    0   -4  -24   25   41   29   32   37    6    3   39    0  -13   40  -24
   26    0    0  -21  -49  -28   50   37    0   50   40   27    4    0    0   14  -38  -25    0    0    0    6    0   39    0    0  -44   -2  -36   -1   19    0    0    0    0   26  -33  -34  -40    0    4   49  -31   18  -38
    0    0  -29  -38   34  -19  -21  -48    0    0   -3   22  -14   -8  -27   -5    0   38    0    0   -1   30    0    0  -43   -8  -43    0  -12  -17   17    8    0   28   42  -32    0    0  -50    0    0    0  -19    6    3
   19   -9    0    0   -9  -33    0    0   12  -32   43   47   36   43  -48    0    3    0    0   -1    0  -28  -36   27    0  -15   37   12  -40  -12    0    0   29  -23   39  -43    0   40   44   19   39    0  -25   42    0
   -2   -4   34   -4    0    0   49   39    0    0   12  -48  -44  -15  -48  -32  -28    0    6   30  -28    0    0    9    0    0    2    7    3    1  -33    0   11    4  -32    3  -41   29  -49    8    0  -49  -13  -27    0
  -24  -11  -33    0    6   23  -32    0   44   -1    0  -27   34    7  -21    0  -47    4    0    0  -36    0    0   25   37    7   10    0  -34    0  -37    0  -28   30  -24   15    0    0   13    0  -19   10  -49    0   -9
    0  -39  -49    0   46    0  -10    0   16  -24  -12   16  -46    0  -25   21  -44    4   39    0   27    9   25    0   28  -22   23    0   -8    0  -24   20    4    0   29  -34   44  -46  -41   32  -41   44  -45  -19    0
  -25  -14  -46   19   45    0   10  -25   -6   31   40    0   40   15   37  -32   44  -30    0  -43    0    0   37   28    0  -14   46    5   21   -7   16   37   30    0    0  -39  -21   37   21    0  -15  -39  -43   46  -43
   25   -6    9  -27    0    0   22   46    0   50   23  -38   10   28  -24  -34  -20   -8    0   -8  -15    0    7  -22  -14    0   19    0    0    0  -31  -13   14   -2  -14  -28  -11    6    0  -17   30   29   -8   34  -28
   35   34  -27  -10   -4  -44   32    0    0   28    0   22  -37   28    0   25    0   49  -44  -43   37    2   10   23   46   19    0    0  -35   11  -13   50    0   12  -32   34    7   21  -41   31   16    7    0   29    0
   33    0  -18  -32   -3    0  -38    0    0   18  -10    0    6   11   -9   -2    6    6   -2    0   12    7    0    0    5    0    0    0    0   19   21  -22    4    0    0   42    0    0    9    0    7    0  -29    7   16
  -40   22    0   36    0   22  -18   -4  -36   44    0   18    0  -49   -3   14    7    0  -36  -12  -40    3  -34   -8   21    0  -35    0    0  -17   38    8  -12   -5  -18   28    1    0   39    0   32    0    0  -43  -37
   48    0    0  -34   29    0   31  -50  -44  -15    0  -24    0   30    5    0  -25    0   -1  -17  -12    1    0    0   -7    0   11   19  -17    0    5   -9  -22   49    0    0   -4    0    0   36  -32   22   12    0   -5
   40   14    0    0  -35   12  -41    0   36  -20   40  -29   41    0   -8    0  -36    0   19   17    0  -33  -37  -24   16  -31  -13   21   38    5    0   31    0  -11    0   39    7  -32  -23   28   -7   22  -32   35    0
  -21   36  -50  -26  -39    0   38   35    0   -5   11   49   22    0   24   -5    0   -4    0    8    0    0    0   20   37  -13   50  -22    8   -9   31    0    0  -27    0  -49  -42    4    6   17  -25   37   -8  -11  -42
   35   -1  -17    8    0   35  -44    0    0  -42    0    0    0   -7  -36  -34  -41  -24    0    0   29   11  -28    4   30   14    0    4  -12  -22    0    0    0    0   29   24   49    0   17  -15    0  -32  -22    1  -17
  -33   36    0  -33   38  -35   21   38   49  -11   -1  -17    6    0  -10   35    0   25    0   28  -23    4   30    0    0   -2   12    0   -5   49  -11  -27    0    0    0   41   -1    0   18   19   41    3  -32    0    1
   -4    0   -1  -48    0    7   23   30   33   42    0    0   18   50    0  -48  -44   41    0   42   39  -32  -24   29    0  -14  -32    0  -18    0    0    0   29    0    0  -28  -16   29    0    0  -47  -23   40   44  -21
  -19    0  -46  -36  -30  -22   10  -31  -40    6  -20  -20   49    0   28   48  -26   29   26  -32  -43    3   15  -34  -39  -28   34   42   28    0   39  -49   24   41  -28    0   22  -30    0  -19   38   -2   39   31  -22
  -29    0  -49  -16  -26    4  -44    3   28    0  -21  -27   41    0  -31    0   45   32  -33    0    0  -41    0   44  -21  -11    7    0    1   -4    7  -42   49   -1  -16   22    0   12   34    0   15   47   12   17   50
    0    0    0   16    8    0    0   -9    0  -31   -5    9   21   44    9   35  -14   37  -34    0   40   29    0  -46   37    6   21    0    0    0  -32    4    0    0   29  -30   12    0   30  -40   40    0    0   49    0
   -3  -17    0    0  -21  -26   24  -32    0    0  -24   28  -42   40  -46  -13   16    6  -40  -50   44  -49   13  -41   21    0  -41    9   39    0  -23    6   17   18    0    0   34   30    0   21  -14   35   46   42    2
   48    0   48  -35   26    0   32    9  -21   41   -6  -25   45   44    0    0   -6    3    0    0   19    8    0   32    0  -17   31    0    0   36   28   17  -15   19    0  -19    0  -40   21    0  -18   39    0   12   36
   -6  -38    0   44  -40   12    0    5  -24   -5  -15   28    0  -16  -21   47    6   39    4    0   39    0  -19  -41  -15   30   16    7   32  -32   -7  -25    0   41  -47   38   15   40  -14  -18    0    0   37  -44   25
   18  -32  -45    4   -1   20    0    0  -45    0   43  -13   -9  -47    0    0    0    0   49    0    0  -49   10   44  -39   29    7    0    0   22   22   37  -32    3  -23   -2   47    0   35   39    0    0    3   14    4
   34    8   48  -31    3  -18  -15  -41    0    3   17    0  -44   29    0    0    9  -13  -31  -19  -25  -13  -49  -45  -43   -8    0  -29    0   12  -32   -8  -22  -32   40   39   12    0   46    0   37    3    0    5  -30
   28   48    0  -19   47  -27    0  -33  -19    0   50  -15   16  -40   16  -35    0   40   18    6   42  -27    0  -19   46   34   29    7  -43    0   35  -11    1    0   44   31   17   49   42   12  -44   14    5    0  -25
   46    0   34    0   42   12  -37  -21  -35   37  -41  -39  -11  -12  -26   25   -1  -24  -38    3    0    0   -9    0  -43  -28    0   16  -37   -5    0  -42  -17    1  -21  -22   50    0    2   36   25    4  -30  -25    0
