QBPP_HJ-_45_050_20_5
45 106 3820
22 22 12 22 38 20 3 39 35 12 20 1 22 9 41 7 48 33 28 7 28 38 42 21 18 45 40 49 4 14 22 12 2 44 27 3 42 19 23 39 6 4 19 24 33
     0   -38   -29     0     0     0   -80   -65     0     0   -37     0     0     0     0     0   -34     0   -82     0     0   -49     0     0     0     0     0     0     0     0   -16    -7     0     0     0     0     0   -28    -2     0     0     0     0     0     0
   -38     0   -41   -50     0     0     0   -33     0     0     0   -63   -47     0     0     0   -76     0     0   -92   -61   -88    -6  -100   -44     0    -4     0   -13   -95     0     0     0     0    -9   -47   -94    -3   -71   -76     0   -71     0   -64     0
   -29   -41     0     0    -7   -33     0     0     0     0     0    -4     0     0     0     0   -67     0     0     0     0     0   -32     0   -91     0     0     0     0     0     0   -93     0     0     0   -85   -17   -52   -45   -46   -50   -82     0     0   -95
     0   -50     0     0     0   -70   -61     0   -34   -45     0     0   -23     0   -39     0     0   -60   -86    -4   -85   -66   -31    -5     0   -90    -6     0   -32    -1   -25   -48     0     0   -59     0   -94   -14     0     0     0     0    -1     0     0
     0     0    -7     0     0     0   -94   -98     0    -5     0     0   -30   -40   -83   -38   -76   -91   -16   -37    -1   -17     0     0   -34   -36     0   -62     0     0   -18   -73     0    -8     0   -81     0     0     0   -61   -17     0     0     0     0
     0     0   -33   -70     0     0     0     0   -90   -81     0     0    -3   -38   -41    -9     0   -45   -29   -90     0   -34   -80     0   -24     0   -96    -1     0     0     0     0     0   -93     0   -63     0     0     0    -1   -98   -66     0     0   -48
   -80     0     0   -61   -94     0     0     0     0     0   -87   -59   -37     0   -31     0     0   -17   -39   -47   -92   -57   -55     0     0   -29     0     0     0     0   -40   -97     0   -91     0  -100     0     0     0   -79     0     0   -53   -60     0
   -65   -33     0     0   -98     0     0     0     0   -93   -69     0     0   -53     0     0   -63     0   -59     0     0     0     0   -50   -61   -50   -97   -52     0     0     0     0    -9   -16   -58   -45   -26   -97     0     0     0   -81     0   -77     0
     0     0     0   -34     0   -90     0     0     0   -59     0   -99   -36     0     0     0     0     0     0     0   -87   -64     0     0     0     0   -16     0     0   -92     0     0     0   -23     0   -83     0   -28     0   -97     0   -76     0   -81     0
     0     0     0   -45    -5   -81     0   -93   -59     0     0     0    -4   -85   -57   -54     0     0   -31   -32   -42   -21   -15   -71   -33   -39     0   -24     0     0   -75   -97     0     0   -89     0   -48     0   -48   -65   -66     0     0     0   -93
   -37     0     0     0     0     0   -87   -69     0     0     0     0   -10   -64     0    -9     0   -43     0     0   -22   -36     0   -53   -36     0    -9     0     0     0     0     0    -8    -8     0     0     0     0     0    -5     0     0   -96     0   -68
     0   -63    -4     0     0     0   -59     0   -99     0     0     0     0    -8   -53   -90     0   -71   -53     0     0     0   -26   -49   -59     0   -85   -14   -78   -31   -22     0     0   -76     0     0   -53     0   -45   -95   -62   -29     0   -68   -68
     0   -47     0   -23   -30    -3   -37     0   -36    -4   -10     0     0   -14   -56   -14     0   -63     0   -90   -27   -17   -16   -37   -39   -60     0     0   -10     0     0   -29   -22   -38     0   -72     0     0     0     0     0   -81     0     0   -61
     0     0     0     0   -40   -38     0   -53     0   -85   -64    -8   -14     0   -98   -69   -68     0   -97     0   -54     0   -24     0   -99   -21   -66     0   -92   -81    -1   -88   -65   -51   -33   -55    -6     0   -25     0   -44   -85     0    -6   -41
     0     0     0   -39   -83   -41   -31     0     0   -57     0   -53   -56   -98     0  -100   -62   -41     0     0   -85     0     0   -42     0     0     0   -48   -79   -70   -94     0     0   -80   -54     0   -36     0     0     0     0     0     0   -68     0
     0     0     0     0   -38    -9     0     0     0   -54    -9   -90   -14   -69  -100     0     0     0   -10     0   -66     0     0     0   -31     0   -31     0   -57   -79   -82     0   -22     0     0   -61     0     0   -33   -82     0     0    -9     0     0
   -34   -76   -67     0   -76     0     0   -63     0     0     0     0     0   -68   -62     0     0   -79     0     0     0     0   -37   -14   -68     0   -34     0     0     0   -90     0     0     0   -64   -33    -1   -68   -30   -77     0    -8     0     0   -19
     0     0     0   -60   -91   -45   -17     0     0     0   -43   -71   -63     0   -41     0   -79     0   -33   -50   -66   -76   -39   -51     0     0   -91     0     0   -31   -87   -66     0   -56   -18   -16     0   -26   -82     0   -81     0     0     0     0
   -82     0     0   -86   -16   -29   -39   -59     0   -31     0   -53     0   -97     0   -10     0   -33     0   -75   -98   -44     0   -59     0     0     0   -26     0   -98    -4     0     0   -18   -63     0     0   -95    -4    -9   -44   -18     0     0   -20
     0   -92     0    -4   -37   -90   -47     0     0   -32     0     0   -90     0     0     0     0   -50   -75     0     0     0     0     0  -100     0   -51     0     0     0     0     0   -35   -38     0   -36     0   -14     0     0   -80    -4   -69     0     0
     0   -61     0   -85    -1     0   -92     0   -87   -42   -22     0   -27   -54   -85   -66     0   -66   -98     0     0   -37   -61     0   -92     0     0     0     0     0   -82   -72   -34   -34   -40     0     0     0   -10     0   -77   -22   -41     0     0
   -49   -88     0   -66   -17   -34   -57     0   -64   -21   -36     0   -17     0     0     0     0   -76   -44     0   -37     0   -25   -67   -56     0   -66   -70     0     0     0    -3   -50     0   -33     0     0   -87     0   -79     0     0     0     0     0
     0    -6   -32   -31     0   -80   -55     0     0   -15     0   -26   -16   -24     0     0   -37   -39     0     0   -61   -25     0     0     0     0     0     0    -9   -48   -46     0   -97  -100     0   -39     0     0   -61     0   -25   -35     0     0   -60
     0  -100     0    -5     0     0     0   -50     0   -71   -53   -49   -37     0   -42     0   -14   -51   -59     0     0   -67     0     0     0     0   -29   -65   -23     0   -45   -80     0     0     0     0     0   -24     0     0   -30     0    -3     0     0
     0   -44   -91     0   -34   -24     0   -61     0   -33   -36   -59   -39   -99     0   -31   -68     0     0  -100   -92   -56     0     0     0     0     0     0     0   -65   -35   -16     0   -17   -20     0     0   -36   -80   -37   -52     0   -83   -79     0
     0     0     0   -90   -36     0   -29   -50     0   -39     0     0   -60   -21     0     0     0     0     0     0     0     0     0     0     0     0   -57   -73     0   -75     0     0     0    -9     0     0     0   -99   -16   -67     0    -6     0   -31     0
     0    -4     0    -6     0   -96     0   -97   -16     0    -9   -85     0   -66     0   -31   -34   -91     0   -51     0   -66     0   -29     0   -57     0    -4     0     0   -44   -35     0     0   -53   -46     0    -5   -17     0     0     0    -9   -20   -34
     0     0     0     0   -62    -1     0   -52     0   -24     0   -14     0     0   -48     0     0     0   -26     0     0   -70     0   -65     0   -73    -4     0   -28   -12     0     0     0   -72   -39   -74     0   -93     0     0   -56     0     0   -69     0
     0   -13     0   -32     0     0     0     0     0     0     0   -78   -10   -92   -79   -57     0     0     0     0     0     0    -9   -23     0     0     0   -28     0     0     0   -44   -21   -70   -32     0     0     0   -40     0     0   -99     0     0     0
     0   -95     0    -1     0     0     0     0   -92     0     0   -31     0   -81   -70   -79     0   -31   -98     0     0     0   -48     0   -65   -75     0   -12     0     0   -13     0     0     0   -47   -71     0   -25     0   -43   -35     0     0     0   -85
   -16     0     0   -25   -18     0   -40     0     0   -75     0   -22     0    -1   -94   -82   -90   -87    -4     0   -82     0   -46   -45   -35     0   -44     0     0   -13     0   -52     0   -76   -34     0     0     0     0     0     0   -85     0     0     0
    -7     0   -93   -48   -73     0   -97     0     0   -97     0     0   -29   -88     0     0     0   -66     0     0   -72    -3     0   -80   -16     0   -35     0   -44     0   -52     0   -85   -87   -90     0     0     0   -64     0     0     0     0     0     0
     0     0     0     0     0     0     0    -9     0     0    -8     0   -22   -65     0   -22     0     0     0   -35   -34   -50   -97     0     0     0     0     0   -21     0     0   -85     0     0     0   -43     0     0   -67     0     0   -18   -14   -64    -4
     0     0     0     0    -8   -93   -91   -16   -23     0    -8   -76   -38   -51   -80     0     0   -56   -18   -38   -34     0  -100     0   -17    -9     0   -72   -70     0   -76   -87     0     0   -65     0   -30     0     0   -79     0     0     0     0     0
     0    -9     0   -59     0     0     0   -58     0   -89     0     0     0   -33   -54     0   -64   -18   -63     0   -40   -33     0     0   -20     0   -53   -39   -32   -47   -34   -90     0   -65     0     0   -10     0   -74   -58     0     0   -98     0     0
     0   -47   -85     0   -81   -63  -100   -45   -83     0     0     0   -72   -55     0   -61   -33   -16     0   -36     0     0   -39     0     0     0   -46   -74     0   -71     0     0   -43     0     0     0   -37   -48     0     0     0   -40     0   -23   -96
     0   -94   -17   -94     0     0     0   -26     0   -48     0   -53     0    -6   -36     0    -1     0     0     0     0     0     0     0     0     0     0     0     0     0     0     0     0   -30   -10   -37     0     0     0     0   -29   -85     0     0     0
   -28    -3   -52   -14     0     0     0   -97   -28     0     0     0     0     0     0     0   -68   -26   -95   -14     0   -87     0   -24   -36   -99    -5   -93     0   -25     0     0     0     0     0   -48     0     0     0     0     0     0     0     0     0
    -2   -71   -45     0     0     0     0     0     0   -48     0   -45     0   -25     0   -33   -30   -82    -4     0   -10     0   -61     0   -80   -16   -17     0   -40     0     0   -64   -67     0   -74     0     0     0     0   -21   -28    -7     0   -66   -20
     0   -76   -46     0   -61    -1   -79     0   -97   -65    -5   -95     0     0     0   -82   -77     0    -9     0     0   -79     0     0   -37   -67     0     0     0   -43     0     0     0   -79   -58     0     0     0   -21     0   -37     0   -87     0     0
     0     0   -50     0   -17   -98     0     0     0   -66     0   -62     0   -44     0     0     0   -81   -44   -80   -77     0   -25   -30   -52     0     0   -56     0   -35     0     0     0     0     0     0   -29     0   -28   -37     0     0   -21   -45     0
     0   -71   -82     0     0   -66     0   -81   -76     0     0   -29   -81   -85     0     0    -8     0   -18    -4   -22     0   -35     0     0    -6     0     0   -99     0   -85     0   -18     0     0   -40   -85     0    -7     0     0     0     0   -76   -43
     0     0     0    -1     0     0   -53     0     0     0   -96     0     0     0     0    -9     0     0     0   -69   -41     0     0    -3   -83     0    -9     0     0     0     0     0   -14     0   -98     0     0     0     0   -87   -21     0     0   -47   -73
     0   -64     0     0     0     0   -60   -77   -81     0     0   -68     0    -6   -68     0     0     0     0     0     0     0     0     0   -79   -31   -20   -69     0     0     0     0   -64     0     0   -23     0     0   -66     0   -45   -76   -47     0   -38
     0     0   -95     0     0   -48     0     0     0   -93   -68   -68   -61   -41     0     0   -19     0   -20     0     0     0   -60     0     0     0   -34     0     0   -85     0     0    -4     0     0   -96     0     0   -20     0     0   -43   -73   -38     0
