QBPP_HJ-_40_075_06_2
40 348 189
33 7 36 12 6 7 45 38 21 42 39 3 10 6 14 35 32 36 19 35 50 8 26 37 41 37 17 16 29 13 31 47 26 43 20 14 24 25 16 46
     0   -98     0   -77     0   -61   -78   -64   -26   -50     0     0     0   -45     0   -77   -91   -11   -94   -96   -86     0   -10   -30   -23    -6   -42   -28     0   -87    -3   -68   -27   -32   -30    -9     0   -36    -8   -31
   -98     0   -88   -39   -47   -78   -11   -30   -61   -69     0     0     0   -33   -60   -71   -45   -13   -53   -94   -89   -35    -5     0     0     0     0   -51   -68   -66   -55     0   -29     0   -55   -43   -65   -68   -52    -6
     0   -88     0   -10     0   -28   -83   -91     0     0   -39   -81   -64    -1   -69     0   -28   -59   -20   -52   -98   -28   -23   -22     0     0    -5   -94   -47   -63   -15     0   -66   -27     0   -68     0   -89   -17   -37
   -77   -39   -10     0    -3   -24     0   -78     0   -83   -36   -79   -90   -95     0   -57   -50   -99   -77    -4   -93   -16   -65     0   -92   -55   -30   -55   -45   -10   -57     0   -13   -12   -52     0   -46  -100   -55   -24
     0   -47     0    -3     0   -82   -83     0     0   -31   -62   -73     0   -65     0   -37   -19   -76   -53   -22   -29    -4     0   -45   -58   -79     0     0   -66   -68     0   -59   -74   -75   -65   -91     0    -4   -52   -15
   -61   -78   -28   -24   -82     0   -51   -84   -49   -82     0   -52   -84   -70   -39   -52   -21    -7     0   -66     0     0     0   -11   -35   -40     0     0   -52    -9     0   -78   -86    -1   -87   -24   -47     0     0   -53
   -78   -11   -83     0   -83   -51     0   -76   -70     0     0   -54   -13     0   -35   -74   -36   -50   -99   -41     0    -8   -11   -47     0   -45     0   -44   -93     0   -86   -89   -53     0     0   -26     0   -76   -38   -80
   -64   -30   -91   -78     0   -84   -76     0   -93     0    -1     0     0    -5   -41   -17     0   -93   -88     0   -96     0   -71   -96   -80   -61   -49   -72   -17    -7     0   -66    -5   -31   -11   -93   -25   -93     0   -91
   -26   -61     0     0     0   -49   -70   -93     0     0     0     0   -12   -81   -51     0   -42   -20   -60     0   -45   -15     0     0   -75   -90   -87   -87   -49   -45     0     0   -75   -92   -12   -30     0     0    -5   -93
   -50   -69     0   -83   -31   -82     0     0     0     0   -38     0     0   -28   -33   -37   -77    -8     0   -12     0   -66   -53   -72  -100   -97   -48     0   -52     0   -49  -100     0   -30   -29   -14   -86   -42     0   -86
     0     0   -39   -36   -62     0     0    -1     0   -38     0   -21   -53   -88     0   -71     0   -65   -85   -76   -39   -21   -46     0   -73   -50    -3   -72     0   -75     0   -13     0     0   -29   -74   -69     0   -79   -26
     0     0   -81   -79   -73   -52   -54     0     0     0   -21     0   -90   -77   -51   -86     0   -83   -19     0   -29   -27   -57   -15     0  -100     0   -34    -2   -64     0   -59     0   -52   -64   -28   -82   -21   -66     0
     0     0   -64   -90     0   -84   -13     0   -12     0   -53   -90     0   -89     0   -18   -25     0   -92   -75   -99   -65   -65   -29     0   -36     0   -99   -43     0   -40   -44     0   -97   -67   -92     0   -86   -58   -70
   -45   -33    -1   -95   -65   -70     0    -5   -81   -28   -88   -77   -89     0   -72     0     0   -76   -67   -22   -63     0     0   -58   -27   -97    -3   -54   -35     0   -91   -38    -8   -33   -77   -39     0   -58    -5   -31
     0   -60   -69     0     0   -39   -35   -41   -51   -33     0   -51     0   -72     0   -12   -18     0   -47   -93     0   -19   -17     0     0   -83   -78   -97     0  -100   -11   -39   -63   -65   -16    -9     0   -73     0     0
   -77   -71     0   -57   -37   -52   -74   -17     0   -37   -71   -86   -18     0   -12     0     0     0   -79     0   -22   -34     0   -28   -33   -26     0     0     0   -45   -41     0   -14   -21   -83   -32   -53   -57     0   -67
   -91   -45   -28   -50   -19   -21   -36     0   -42   -77     0     0   -25     0   -18     0     0     0   -19   -63     0   -97     0   -74   -79   -19   -43    -6   -20     0   -77   -90   -94   -44   -83   -65     0   -76   -47    -9
   -11   -13   -59   -99   -76    -7   -50   -93   -20    -8   -65   -83     0   -76     0     0     0     0     0    -5   -18     0     0   -90    -5   -89   -59   -93   -58   -93   -88     0   -13   -47   -45     0   -68   -96   -31   -69
   -94   -53   -20   -77   -53     0   -99   -88   -60     0   -85   -19   -92   -67   -47   -79   -19     0     0     0     0   -95     0    -3   -67   -32     0     0   -75   -15   -76   -82     0   -53   -15   -36   -22   -65     0    -1
   -96   -94   -52    -4   -22   -66   -41     0     0   -12   -76     0   -75   -22   -93     0   -63    -5     0     0     0     0   -54   -47   -64     0   -15  -100   -12     0     0   -95   -76   -76   -24   -48     0   -47   -95     0
   -86   -89   -98   -93   -29     0     0   -96   -45     0   -39   -29   -99   -63     0   -22     0   -18     0     0     0    -9   -23   -52   -23   -59     0   -83   -79     0   -58   -90   -34   -90     0     0   -34   -51   -65   -80
     0   -35   -28   -16    -4     0    -8     0   -15   -66   -21   -27   -65     0   -19   -34   -97     0   -95     0    -9     0     0     0     0   -63   -14   -33   -40   -68   -93   -89   -63   -42   -88   -24    -6   -12   -68   -11
   -10    -5   -23   -65     0     0   -11   -71     0   -53   -46   -57   -65     0   -17     0     0     0     0   -54   -23     0     0     0   -57     0   -35   -75   -67   -22   -19     0   -92     0   -79     0   -93     0   -32   -89
   -30     0   -22     0   -45   -11   -47   -96     0   -72     0   -15   -29   -58     0   -28   -74   -90    -3   -47   -52     0     0     0    -9   -82     0   -36   -72     0   -81   -63   -37     0   -75   -65    -3   -78     0     0
   -23     0     0   -92   -58   -35     0   -80   -75  -100   -73     0     0   -27     0   -33   -79    -5   -67   -64   -23     0   -57    -9     0   -48   -16   -45   -14   -98     0   -94   -10   -61   -51    -1    -9    -4   -85   -68
    -6     0     0   -55   -79   -40   -45   -61   -90   -97   -50  -100   -36   -97   -83   -26   -19   -89   -32     0   -59   -63     0   -82   -48     0     0   -29   -39     0     0     0     0     0   -48   -61   -76     0   -52     0
   -42     0    -5   -30     0     0     0   -49   -87   -48    -3     0     0    -3   -78     0   -43   -59     0   -15     0   -14   -35     0   -16     0     0     0    -2   -64   -90   -43   -18     0   -80     0   -64   -43   -76   -42
   -28   -51   -94   -55     0     0   -44   -72   -87     0   -72   -34   -99   -54   -97     0    -6   -93     0  -100   -83   -33   -75   -36   -45   -29     0     0     0   -89   -21   -93   -30   -54     0   -83   -42   -45   -69   -37
     0   -68   -47   -45   -66   -52   -93   -17   -49   -52     0    -2   -43   -35     0     0   -20   -58   -75   -12   -79   -40   -67   -72   -14   -39    -2     0     0   -45   -71    -3   -28   -87     0   -12   -48   -46     0   -58
   -87   -66   -63   -10   -68    -9     0    -7   -45     0   -75   -64     0     0  -100   -45     0   -93   -15     0     0   -68   -22     0   -98     0   -64   -89   -45     0   -87     0   -19   -80   -91   -59   -69   -94   -44   -65
    -3   -55   -15   -57     0     0   -86     0     0   -49     0     0   -40   -91   -11   -41   -77   -88   -76     0   -58   -93   -19   -81     0     0   -90   -21   -71   -87     0    -7   -28     0   -92     0   -39   -89     0     0
   -68     0     0     0   -59   -78   -89   -66     0  -100   -13   -59   -44   -38   -39     0   -90     0   -82   -95   -90   -89     0   -63   -94     0   -43   -93    -3     0    -7     0   -95   -30   -80   -66   -41   -88   -46     0
   -27   -29   -66   -13   -74   -86   -53    -5   -75     0     0     0     0    -8   -63   -14   -94   -13     0   -76   -34   -63   -92   -37   -10     0   -18   -30   -28   -19   -28   -95     0   -40    -2   -78   -76   -44    -3     0
   -32     0   -27   -12   -75    -1     0   -31   -92   -30     0   -52   -97   -33   -65   -21   -44   -47   -53   -76   -90   -42     0     0   -61     0     0   -54   -87   -80     0   -30   -40     0   -38   -47     0   -16   -80   -77
   -30   -55     0   -52   -65   -87     0   -11   -12   -29   -29   -64   -67   -77   -16   -83   -83   -45   -15   -24     0   -88   -79   -75   -51   -48   -80     0     0   -91   -92   -80    -2   -38     0     0   -68     0   -48   -78
    -9   -43   -68     0   -91   -24   -26   -93   -30   -14   -74   -28   -92   -39    -9   -32   -65     0   -36   -48     0   -24     0   -65    -1   -61     0   -83   -12   -59     0   -66   -78   -47     0     0   -27     0   -91   -61
     0   -65     0   -46     0   -47     0   -25     0   -86   -69   -82     0     0     0   -53     0   -68   -22     0   -34    -6   -93    -3    -9   -76   -64   -42   -48   -69   -39   -41   -76     0   -68   -27     0     0    -8   -44
   -36   -68   -89  -100    -4     0   -76   -93     0   -42     0   -21   -86   -58   -73   -57   -76   -96   -65   -47   -51   -12     0   -78    -4     0   -43   -45   -46   -94   -89   -88   -44   -16     0     0     0     0    -8   -39
    -8   -52   -17   -55   -52     0   -38     0    -5     0   -79   -66   -58    -5     0     0   -47   -31     0   -95   -65   -68   -32     0   -85   -52   -76   -69     0   -44     0   -46    -3   -80   -48   -91    -8    -8     0     0
   -31    -6   -37   -24   -15   -53   -80   -91   -93   -86   -26     0   -70   -31     0   -67    -9   -69    -1     0   -80   -11   -89     0   -68     0   -42   -37   -58   -65     0     0     0   -77   -78   -61   -44   -39     0     0
