QBPP_HJ-_45_075_06_1
45 415 194
46 19 15 22 10 16 39 32 49 39 19 33 5 42 16 6 30 43 40 34 13 8 37 21 35 39 42 41 18 37 19 12 6 41 41 22 7 36 31 42 33 32 21 46 8
     0   -80     0   -29     0   -16   -87     0   -47     0     0   -86     0   -70   -34     0   -14   -61   -72   -84   -56   -86   -17   -60   -24   -35     0   -85     0   -52   -33     0   -15   -63   -90   -93   -64   -50   -42   -83   -52   -36   -51   -17   -41
   -80     0   -67   -45   -96     0   -73   -38    -9   -27   -77   -13     0     0   -45     0   -72     0   -43     0   -96    -9   -51   -86   -68   -81   -79   -50   -62   -94    -8     0     0   -60   -98   -42   -73     0   -38     0   -15     0   -67   -58     0
     0   -67     0   -20   -73   -85   -75   -83     0   -82   -53   -52   -79   -82   -81   -68   -95   -39   -24   -31   -44   -56     0   -57   -22   -84   -46   -23   -31   -71   -17   -54     0   -24     0     0     0     0    -1     0     0   -92   -52   -82     0
   -29   -45   -20     0   -64     0   -86   -57   -21   -87   -59   -90   -50   -77   -18     0     0   -32     0   -30    -1   -84   -71     0   -16   -24    -4    -6   -13   -18   -61     0     0   -38    -7   -50   -30   -70   -82     0   -28   -96     0   -13   -46
     0   -96   -73   -64     0   -13    -5   -49   -80     0   -11   -61     0   -20    -8   -33   -82   -40     0   -38   -81   -32   -46   -38     0     0   -12    -3   -83     0     0   -79   -12   -43   -32   -65   -79   -45   -99     0   -27     0     0   -11   -64
   -16     0   -85     0   -13     0   -92   -12     0   -14   -48   -84   -76   -23   -16   -79     0    -5   -25   -78   -24    -7     0   -27   -43   -39     0   -86     0   -10     0     0     0   -64   -70   -50    -5   -95   -40   -46   -19     0   -19    -2   -97
   -87   -73   -75   -86    -5   -92     0     0    -3    -5   -84     0   -38     0   -53   -60   -61   -97   -12   -91   -34   -38     0     0     0     0   -46   -48     0   -21   -27   -85   -34   -32    -7   -45   -22     0   -43   -74   -10   -63     0     0   -12
     0   -38   -83   -57   -49   -12     0     0     0     0   -69   -94   -72   -99   -61    -1     0   -98   -31   -12     0   -33   -39   -39   -56     0     0     0     0   -63     0   -92   -79   -69   -63   -62     0     0    -2   -68   -58     0   -79   -68    -7
   -47    -9     0   -21   -80     0    -3     0     0   -17     0     0   -40     0   -81   -47   -93     0   -94   -54   -13   -75     0   -18   -50   -78   -74   -14   -22   -46    -6    -8   -50   -56   -56   -86   -68   -70   -29   -23     0   -61    -7    -6    -3
     0   -27   -82   -87     0   -14    -5     0   -17     0     0   -75   -52   -54   -26     0   -60     0     0     0   -85   -77   -86   -97   -85   -38   -82     0     0   -97   -59   -38   -40     0   -99     0     0   -68   -15   -98   -14   -65   -93     0   -82
     0   -77   -53   -59   -11   -48   -84   -69     0     0     0   -31   -56     0   -64   -44   -76   -79   -89   -84   -11   -38   -53     0   -72   -17   -39   -70   -80   -44   -18   -72   -76   -53   -97   -48   -49   -27   -47   -76   -42     0   -36   -37   -79
   -86   -13   -52   -90   -61   -84     0   -94     0   -75   -31     0   -12   -44   -57   -70   -34   -43   -50     0     0     0   -68   -64     0   -46   -17   -21     0   -18   -92   -77   -59   -77   -25   -73   -45   -50   -80   -16   -68     0   -87   -83   -47
     0     0   -79   -50     0   -76   -38   -72   -40   -52   -56   -12     0   -89    -7   -53   -92   -20     0   -71   -29   -90   -92     0   -56    -1     0   -43    -5     0   -48   -99   -19   -35   -21   -80  -100     0   -14   -23   -79   -95   -46    -6     0
   -70     0   -82   -77   -20   -23     0   -99     0   -54     0   -44   -89     0   -22     0   -48   -80   -56     0   -51     0     0   -34     0   -96    -4   -38     0    -6   -54   -27    -8   -79   -78   -45   -30   -65     0   -25   -68    -3   -94   -99   -25
   -34   -45   -81   -18    -8   -16   -53   -61   -81   -26   -64   -57    -7   -22     0   -20   -60     0   -79     0   -36   -85   -91   -57   -76   -76   -69     0   -15   -51    -5    -3  -100    -8   -83   -41   -91     0     0   -79   -92   -91     0   -38     0
     0     0   -68     0   -33   -79   -60    -1   -47     0   -44   -70   -53     0   -20     0   -66   -54   -90   -84   -53   -48   -57   -62     0   -34   -40     0     0   -66   -24     0   -43   -47   -14   -34   -38   -13   -66   -93   -70  -100     0     0   -93
   -14   -72   -95     0   -82     0   -61     0   -93   -60   -76   -34   -92   -48   -60   -66     0     0   -29   -81     0   -84     0    -8   -76   -66   -62   -88   -55    -1   -58   -70   -31     0   -68   -23   -38     0   -15     0   -58   -52   -29   -16   -30
   -61     0   -39   -32   -40    -5   -97   -98     0     0   -79   -43   -20   -80     0   -54     0     0    -7   -94   -12   -66   -43     0     0    -2   -60   -84   -74   -34   -26   -13     0   -37   -74     0   -15   -62     0   -26    -3     0   -55     0   -68
   -72   -43   -24     0     0   -25   -12   -31   -94     0   -89   -50     0   -56   -79   -90   -29    -7     0     0   -94   -29   -12   -77   -13   -15   -73   -27   -41   -28   -12     0   -69   -95   -62     0   -71   -44   -70   -13   -47   -92     0   -32   -73
   -84     0   -31   -30   -38   -78   -91   -12   -54     0   -84     0   -71     0     0   -84   -81   -94     0     0   -19     0     0   -90     0     0   -51     0   -69   -97   -71   -92   -62     0     0   -73   -42     0     0   -96   -27     0   -47   -62   -15
   -56   -96   -44    -1   -81   -24   -34     0   -13   -85   -11     0   -29   -51   -36   -53     0   -12   -94   -19     0   -68   -24   -24     0   -69   -77     0   -52   -81     0     0     0   -19   -48     0   -38    -5     0   -57   -35   -66   -25   -36   -33
   -86    -9   -56   -84   -32    -7   -38   -33   -75   -77   -38     0   -90     0   -85   -48   -84   -66   -29     0   -68     0   -88    -4   -48   -67   -95   -28   -38   -82     0     0   -27   -40   -71     0     0     0   -42   -44   -48     0   -27   -42     0
   -17   -51     0   -71   -46     0     0   -39     0   -86   -53   -68   -92     0   -91   -57     0   -43   -12     0   -24   -88     0     0   -50   -38   -43   -92   -29     0     0   -82   -19     0   -98   -15     0   -98     0     0    -1     0   -29   -78   -80
   -60   -86   -57     0   -38   -27     0   -39   -18   -97     0   -64     0   -34   -57   -62    -8     0   -77   -90   -24    -4     0     0   -31     0     0   -14   -13     0   -54   -69   -89   -19   -22     0   -35   -45   -16   -49   -35   -34     0   -76   -55
   -24   -68   -22   -16     0   -43     0   -56   -50   -85   -72     0   -56     0   -76     0   -76     0   -13     0     0   -48   -50   -31     0    -4   -41   -72   -51   -66   -31   -61   -55    -1   -57   -63   -47   -52     0   -93   -35  -100   -61   -59   -19
   -35   -81   -84   -24     0   -39     0     0   -78   -38   -17   -46    -1   -96   -76   -34   -66    -2   -15     0   -69   -67   -38     0    -4     0   -91   -95   -88   -54     0   -74   -40   -45     0     0   -74     0     0   -53    -9     0   -99   -74   -93
     0   -79   -46    -4   -12     0   -46     0   -74   -82   -39   -17     0    -4   -69   -40   -62   -60   -73   -51   -77   -95   -43     0   -41   -91     0     0    -4   -42   -52   -88   -62   -67     0     0   -39   -87   -98   -47   -55   -56   -14     0   -41
   -85   -50   -23    -6    -3   -86   -48     0   -14     0   -70   -21   -43   -38     0     0   -88   -84   -27     0     0   -28   -92   -14   -72   -95     0     0   -58   -67     0   -22   -91   -99   -16     0   -42     0   -70   -37   -33   -65     0   -88   -88
     0   -62   -31   -13   -83     0     0     0   -22     0   -80     0    -5     0   -15     0   -55   -74   -41   -69   -52   -38   -29   -13   -51   -88    -4   -58     0   -48   -56   -32   -78   -20   -64   -76     0   -47    -7   -40   -52   -57   -54   -38   -85
   -52   -94   -71   -18     0   -10   -21   -63   -46   -97   -44   -18     0    -6   -51   -66    -1   -34   -28   -97   -81   -82     0     0   -66   -54   -42   -67   -48     0     0   -36   -95   -26   -19   -73     0   -35   -15    -6   -57     0   -22   -90     0
   -33    -8   -17   -61     0     0   -27     0    -6   -59   -18   -92   -48   -54    -5   -24   -58   -26   -12   -71     0     0     0   -54   -31     0   -52     0   -56     0     0   -62    -7   -68   -70   -36     0   -29   -62   -30     0   -79     0   -75   -45
     0     0   -54     0   -79     0   -85   -92    -8   -38   -72   -77   -99   -27    -3     0   -70   -13     0   -92     0     0   -82   -69   -61   -74   -88   -22   -32   -36   -62     0     0   -90     0     0   -31   -91   -29   -41   -53   -41   -61   -64     0
   -15     0     0     0   -12     0   -34   -79   -50   -40   -76   -59   -19    -8  -100   -43   -31     0   -69   -62     0   -27   -19   -89   -55   -40   -62   -91   -78   -95    -7     0     0     0   -35   -80   -76   -58   -82   -73   -40     0   -94   -28   -31
   -63   -60   -24   -38   -43   -64   -32   -69   -56     0   -53   -77   -35   -79    -8   -47     0   -37   -95     0   -19   -40     0   -19    -1   -45   -67   -99   -20   -26   -68   -90     0     0   -97   -35   -89    -4   -89   -84     0   -88   -99   -65   -58
   -90   -98     0    -7   -32   -70    -7   -63   -56   -99   -97   -25   -21   -78   -83   -14   -68   -74   -62     0   -48   -71   -98   -22   -57     0     0   -16   -64   -19   -70     0   -35   -97     0   -17   -44     0   -10     0     0   -91   -71   -80     0
   -93   -42     0   -50   -65   -50   -45   -62   -86     0   -48   -73   -80   -45   -41   -34   -23     0     0   -73     0     0   -15     0   -63     0     0     0   -76   -73   -36     0   -80   -35   -17     0   -51   -48   -39   -11     0     0     0   -97     0
   -64   -73     0   -30   -79    -5   -22     0   -68     0   -49   -45  -100   -30   -91   -38   -38   -15   -71   -42   -38     0     0   -35   -47   -74   -39   -42     0     0     0   -31   -76   -89   -44   -51     0   -61     0     0    -9   -17   -40   -74   -26
   -50     0     0   -70   -45   -95     0     0   -70   -68   -27   -50     0   -65     0   -13     0   -62   -44     0    -5     0   -98   -45   -52     0   -87     0   -47   -35   -29   -91   -58    -4     0   -48   -61     0     0   -10    -5   -23    -2   -87     0
   -42   -38    -1   -82   -99   -40   -43    -2   -29   -15   -47   -80   -14     0     0   -66   -15     0   -70     0     0   -42     0   -16     0     0   -98   -70    -7   -15   -62   -29   -82   -89   -10   -39     0     0     0   -87     0   -88   -73   -34   -97
   -83     0     0     0     0   -46   -74   -68   -23   -98   -76   -16   -23   -25   -79   -93     0   -26   -13   -96   -57   -44     0   -49   -93   -53   -47   -37   -40    -6   -30   -41   -73   -84     0   -11     0   -10   -87     0   -22   -71   -68     0   -10
   -52   -15     0   -28   -27   -19   -10   -58     0   -14   -42   -68   -79   -68   -92   -70   -58    -3   -47   -27   -35   -48    -1   -35   -35    -9   -55   -33   -52   -57     0   -53   -40     0     0     0    -9    -5     0   -22     0   -16   -25   -68   -75
   -36     0   -92   -96     0     0   -63     0   -61   -65     0     0   -95    -3   -91  -100   -52     0   -92     0   -66     0     0   -34  -100     0   -56   -65   -57     0   -79   -41     0   -88   -91     0   -17   -23   -88   -71   -16     0     0   -51   -34
   -51   -67   -52     0     0   -19     0   -79    -7   -93   -36   -87   -46   -94     0     0   -29   -55     0   -47   -25   -27   -29     0   -61   -99   -14     0   -54   -22     0   -61   -94   -99   -71     0   -40    -2   -73   -68   -25     0     0   -79     0
   -17   -58   -82   -13   -11    -2     0   -68    -6     0   -37   -83    -6   -99   -38     0   -16     0   -32   -62   -36   -42   -78   -76   -59   -74     0   -88   -38   -90   -75   -64   -28   -65   -80   -97   -74   -87   -34     0   -68   -51   -79     0   -17
   -41     0     0   -46   -64   -97   -12    -7    -3   -82   -79   -47     0   -25     0   -93   -30   -68   -73   -15   -33     0   -80   -55   -19   -93   -41   -88   -85     0   -45     0   -31   -58     0     0   -26     0   -97   -10   -75   -34     0   -17     0
