QBPP_HJ-_40_050_06_1
40 344 127
50 41 42 34 38 43 46 14 41 28 8 3 13 6 4 20 31 24 34 13 26 22 3 35 50 5 16 44 9 2 4 37 41 38 3 37 31 36 50 8
     0   -82   -19   -51     0     0     0     0   -23     0   -77    -7   -84     0   -59   -97   -92     0   -73     0   -46     0   -44     0   -34   -45     0   -19     0   -30   -42   -44     0   -59   -84     0   -28   -96     0     0
   -82     0   -70    -6   -63     0   -70     0   -51   -24   -75   -54   -51   -51   -69   -99    -3   -92     0     0   -14   -44     0   -56     0     0     0     0     0   -37     0     0    -9     0   -60   -10   -73   -86     0     0
   -19   -70     0     0     0   -67     0     0     0     0     0     0     0   -26     0     0     0   -27     0     0   -48   -82   -22   -83   -53   -20   -55     0   -81   -32     0   -11     0     0   -11     0   -17     0     0   -68
   -51    -6     0     0     0   -72     0     0     0   -18     0     0     0     0   -34   -83     0   -21     0     0     0     0   -26     0     0     0   -36     0     0   -67     0     0   -91   -64     0   -50    -9   -47    -2     0
     0   -63     0     0     0     0   -70   -31     0   -44     0   -21   -28     0   -96   -16   -87     0     0   -59   -90     0   -51    -3   -81     0     0     0   -72   -91   -93     0     0     0   -76     0     0   -47   -27     0
     0     0   -67   -72     0     0   -87     0     0   -79     0     0     0     0   -92     0   -39   -88   -48   -96     0     0   -85   -29   -13     0     0    -5   -80   -80     0   -24   -13     0   -20     0    -8   -65   -95     0
     0   -70     0     0   -70   -87     0     0     0    -5    -1   -24     0   -83     0     0   -85     0     0   -19   -99   -49   -32   -21   -60   -94   -76   -67     0   -64   -14   -99     0    -4    -2     0     0     0     0   -85
     0     0     0     0   -31     0     0     0     0   -61   -51    -7     0   -17     0     0     0     0     0     0   -83     0     0   -22     0     0     0   -56   -25    -6     0     0     0   -23   -73   -84     0     0   -71     0
   -23   -51     0     0     0     0     0     0     0     0   -92     0   -89   -24   -29     0     0     0     0   -65   -76     0     0    -7     0     0     0     0   -35     0     0     0   -24     0     0   -97   -38     0     0     0
     0   -24     0   -18   -44   -79    -5   -61     0     0   -43   -80     0   -42     0     0   -43     0     0     0   -30   -26     0   -43   -11     0     0   -67    -9   -80   -50   -54   -21     0   -53     0   -47     0   -47   -82
   -77   -75     0     0     0     0    -1   -51   -92   -43     0     0     0     0   -44     0     0     0     0     0    -6     0     0     0     0     0     0     0     0    -6   -53   -94   -61   -58     0   -97     0   -46   -45     0
    -7   -54     0     0   -21     0   -24    -7     0   -80     0     0     0     0     0   -77   -61     0     0   -59   -97     0     0     0     0   -96     0   -21     0   -99     0     0     0   -27   -82     0     0   -82     0     0
   -84   -51     0     0   -28     0     0     0   -89     0     0     0     0    -2   -22   -13     0     0     0   -99   -86     0   -41     0   -46   -69   -44     0     0     0   -55     0   -57   -48     0     0   -45   -73     0   -65
     0   -51   -26     0     0     0   -83   -17   -24   -42     0     0    -2     0   -61   -93   -89   -99   -75     0   -48     0     0   -88   -97     0     0     0   -96     0   -47   -63     0   -59   -89     0   -58   -31   -48     0
   -59   -69     0   -34   -96   -92     0     0   -29     0   -44     0   -22   -61     0     0     0   -48     0     0     0   -98   -57     0     0     0   -66   -26     0   -55     0     0     0     0     0     0     0   -76     0     0
   -97   -99     0   -83   -16     0     0     0     0     0     0   -77   -13   -93     0     0   -88   -67     0   -25     0     0     0   -74   -54     0   -41   -43   -82   -19     0     0     0   -29   -89    -7     0     0   -63   -66
   -92    -3     0     0   -87   -39   -85     0     0   -43     0   -61     0   -89     0   -88     0   -17   -39   -81   -43   -54     0   -13   -75     0   -60     0     0     0     0   -34   -96     0     0   -87  -100     0     0    -9
     0   -92   -27   -21     0   -88     0     0     0     0     0     0     0   -99   -48   -67   -17     0   -94    -2   -83     0     0   -36   -87     0    -3     0     0   -39   -51     0   -68     0   -14     0     0   -79   -17   -76
   -73     0     0     0     0   -48     0     0     0     0     0     0     0   -75     0     0   -39   -94     0   -50     0     0   -21     0     0   -37   -95   -76     0     0   -24     0   -67   -48     0   -42     0   -87     0     0
     0     0     0     0   -59   -96   -19     0   -65     0     0   -59   -99     0     0   -25   -81    -2   -50     0     0     0   -69     0     0     0   -14   -53   -53     0   -56   -70    -9   -40     0     0   -54     0     0     0
   -46   -14   -48     0   -90     0   -99   -83   -76   -30    -6   -97   -86   -48     0     0   -43   -83     0     0     0   -41   -87     0     0   -45   -19   -40     0    -1   -32     0   -33   -73   -76   -41     0     0     0     0
     0   -44   -82     0     0     0   -49     0     0   -26     0     0     0     0   -98     0   -54     0     0     0   -41     0     0     0     0     0     0   -79     0   -82     0   -78   -67   -66   -55     0     0     0   -98     0
   -44     0   -22   -26   -51   -85   -32     0     0     0     0     0   -41     0   -57     0     0     0   -21   -69   -87     0     0   -88    -5     0     0     0   -78   -57   -77     0     0     0   -74     0     0   -38     0     0
     0   -56   -83     0    -3   -29   -21   -22    -7   -43     0     0     0   -88     0   -74   -13   -36     0     0     0     0   -88     0   -74   -80    -6   -16     0     0     0     0   -69     0   -34   -45     0     0   -34   -51
   -34     0   -53     0   -81   -13   -60     0     0   -11     0     0   -46   -97     0   -54   -75   -87     0     0     0     0    -5   -74     0   -91     0   -13   -25   -48   -42     0   -94   -56     0     0   -73     0     0   -22
   -45     0   -20     0     0     0   -94     0     0     0     0   -96   -69     0     0     0     0     0   -37     0   -45     0     0   -80   -91     0     0     0     0     0   -73     0   -60     0     0    -6     0   -52     0   -14
     0     0   -55   -36     0     0   -76     0     0     0     0     0   -44     0   -66   -41   -60    -3   -95   -14   -19     0     0    -6     0     0     0     0     0   -13     0   -30   -12   -47   -58    -4     0     0     0     0
   -19     0     0     0     0    -5   -67   -56     0   -67     0   -21     0     0   -26   -43     0     0   -76   -53   -40   -79     0   -16   -13     0     0     0     0   -71     0     0     0     0     0     0     0     0     0   -68
     0     0   -81     0   -72   -80     0   -25   -35    -9     0     0     0   -96     0   -82     0     0     0   -53     0     0   -78     0   -25     0     0     0     0   -92     0     0   -70   -65   -23   -51   -57   -15   -37   -60
   -30   -37   -32   -67   -91   -80   -64    -6     0   -80    -6   -99     0     0   -55   -19     0   -39     0     0    -1   -82   -57     0   -48     0   -13   -71   -92     0     0     0     0   -48   -32     0     0     0     0     0
   -42     0     0     0   -93     0   -14     0     0   -50   -53     0   -55   -47     0     0     0   -51   -24   -56   -32     0   -77     0   -42   -73     0     0     0     0     0     0     0   -21     0   -87     0   -70   -59   -58
   -44     0   -11     0     0   -24   -99     0     0   -54   -94     0     0   -63     0     0   -34     0     0   -70     0   -78     0     0     0     0   -30     0     0     0     0     0   -13   -86     0   -68     0   -14   -64   -49
     0    -9     0   -91     0   -13     0     0   -24   -21   -61     0   -57     0     0     0   -96   -68   -67    -9   -33   -67     0   -69   -94   -60   -12     0   -70     0     0   -13     0   -76   -94     0   -98   -10     0     0
   -59     0     0   -64     0     0    -4   -23     0     0   -58   -27   -48   -59     0   -29     0     0   -48   -40   -73   -66     0     0   -56     0   -47     0   -65   -48   -21   -86   -76     0    -4     0   -84   -28   -31   -83
   -84   -60   -11     0   -76   -20    -2   -73     0   -53     0   -82     0   -89     0   -89     0   -14     0     0   -76   -55   -74   -34     0     0   -58     0   -23   -32     0     0   -94    -4     0     0   -23   -32   -14   -22
     0   -10     0   -50     0     0     0   -84   -97     0   -97     0     0     0     0    -7   -87     0   -42     0   -41     0     0   -45     0    -6    -4     0   -51     0   -87   -68     0     0     0     0     0   -13     0   -53
   -28   -73   -17    -9     0    -8     0     0   -38   -47     0     0   -45   -58     0     0  -100     0     0   -54     0     0     0     0   -73     0     0     0   -57     0     0     0   -98   -84   -23     0     0   -80     0     0
   -96   -86     0   -47   -47   -65     0     0     0     0   -46   -82   -73   -31   -76     0     0   -79   -87     0     0     0   -38     0     0   -52     0     0   -15     0   -70   -14   -10   -28   -32   -13   -80     0     0   -34
     0     0     0    -2   -27   -95     0   -71     0   -47   -45     0     0   -48     0   -63     0   -17     0     0     0   -98     0   -34     0     0     0     0   -37     0   -59   -64     0   -31   -14     0     0     0     0     0
     0     0   -68     0     0     0   -85     0     0   -82     0     0   -65     0     0   -66    -9   -76     0     0     0     0     0   -51   -22   -14     0   -68   -60     0   -58   -49     0   -83   -22   -53     0   -34     0     0
