QBPP_HJ-_40_075_06_4
40 382 178
33 36 44 7 23 43 29 42 28 14 44 44 47 13 43 16 42 33 7 28 44 46 21 2 46 3 37 4 35 22 22 36 26 40 7 2 46 43 41 5
     0    -8   -73     0   -13   -86   -33   -87   -83   -94   -40   -40   -86   -10     0   -95     0     0     0     0     0     0   -65     0     0   -90     0    -7     0   -55   -73   -75   -68   -71    -4   -11   -26   -79     0   -94
    -8     0   -58   -14   -66   -10   -56   -62   -50   -32   -62   -49     0     0   -17   -49   -79   -42   -70   -34     0   -11   -88   -15   -30     0   -97   -45    -9   -65     0     0     0   -41   -13   -42   -28     0   -89   -64
   -73   -58     0     0   -31   -61   -16   -93   -86     0    -9   -19     0   -25   -47   -53   -14     0   -66   -11    -3     0     0   -44     0   -49    -9   -76     0   -95     0   -85    -2   -62    -2     0   -21     0    -2     0
     0   -14     0     0     0   -14     0   -39   -80     0   -64     0   -93     0   -76   -19     0   -46     0     0     0   -73   -67   -10     0   -96   -31     0   -31     0   -58   -20     0   -85     0   -79   -97   -52   -74   -38
   -13   -66   -31     0     0     0   -93     0   -84     0   -77   -53     0     0   -48   -37    -5   -19     0     0    -9   -48   -81   -20     0   -78   -66     0   -51   -18   -14   -58     0   -83   -84   -30     0     0   -16   -70
   -86   -10   -61   -14     0     0   -16   -90   -20   -37   -39   -28     0     0   -45   -71   -13   -80   -50   -37   -73     0   -85   -13   -68    -7     0     0   -80   -91   -66   -66   -83   -67    -7   -41   -79   -99   -75   -61
   -33   -56   -16     0   -93   -16     0     0   -18     0    -1   -34   -21     0     0   -81   -99     0     0   -17   -84   -47   -14   -34     0   -94     0   -78     0     0   -59     0   -83   -91     0   -84   -45   -34   -60   -20
   -87   -62   -93   -39     0   -90     0     0   -33     0   -58   -47   -73     0    -6   -20   -15   -95   -43   -91   -75   -58     0   -64   -65     0   -12   -89   -97   -42     0     0   -39   -22     0     0     0     0     0   -92
   -83   -50   -86   -80   -84   -20   -18   -33     0   -60     0     0   -69     0     0   -90   -56     0     0     0   -38   -54   -66   -68   -13   -35   -68     0   -93     0    -1   -88   -76   -61    -9     0   -20     0   -49   -19
   -94   -32     0     0     0   -37     0     0   -60     0     0   -20   -69     0     0     0   -82   -33     0     0     0   -35   -68    -3   -22   -70   -73   -76   -30     0     0     0   -54     0     0   -78   -79   -41     0     0
   -40   -62    -9   -64   -77   -39    -1   -58     0     0     0     0   -53   -76     0   -40    -9     0     0     0   -92   -19   -27     0   -25    -3   -72    -1     0     0   -85     0     0   -72   -45   -60     0     0   -17     0
   -40   -49   -19     0   -53   -28   -34   -47     0   -20     0     0   -93     0   -52    -1     0   -52     0   -42  -100   -46     0   -18     0   -82     0   -29   -96     0   -79     0   -24   -34   -65     0   -90   -57   -25   -63
   -86     0     0   -93     0     0   -21   -73   -69   -69   -53   -93     0     0   -34   -50   -84    -1   -83   -73     0     0   -33     0   -88   -81   -16   -52   -50   -55   -89     0    -6   -55    -1   -28   -37   -84   -99   -44
   -10     0   -25     0     0     0     0     0     0     0   -76     0     0     0   -16   -99   -25   -63   -19   -91   -10   -12   -57   -24    -6   -78   -88   -22     0   -89   -73   -88   -86   -96   -13   -23    -5   -70   -89   -78
     0   -17   -47   -76   -48   -45     0    -6     0     0     0   -52   -34   -16     0   -70   -23    -3    -6    -4    -5   -27   -41    -8   -99   -88     0     0   -25     0   -92   -47   -30   -94   -66   -27   -96   -66   -15   -32
   -95   -49   -53   -19   -37   -71   -81   -20   -90     0   -40    -1   -50   -99   -70     0     0    -2   -20     0   -55   -60    -8   -33    -3   -81   -74     0   -55   -25   -15   -36   -79     0   -23   -16   -70     0   -13   -92
     0   -79   -14     0    -5   -13   -99   -15   -56   -82    -9     0   -84   -25   -23     0     0   -24     0     0   -36   -47   -51     0   -82   -14    -1    -1     0   -37    -6   -90     0   -88     0   -25     0   -28     0    -4
     0   -42     0   -46   -19   -80     0   -95     0   -33     0   -52    -1   -63    -3    -2   -24     0   -83     0     0   -85   -93   -38    -5     0     0   -48     0   -66   -85     0     0     0   -69   -88   -50   -64     0   -78
     0   -70   -66     0     0   -50     0   -43     0     0     0     0   -83   -19    -6   -20     0   -83     0   -62     0   -92     0    -3     0    -8     0   -99   -52   -72   -51     0   -72   -57   -32     0   -53   -54     0     0
     0   -34   -11     0     0   -37   -17   -91     0     0     0   -42   -73   -91    -4     0     0     0   -62     0   -42   -16   -51    -9     0     0     0     0   -40   -65   -22   -85     0   -55   -47     0    -2   -66   -98     0
     0     0    -3     0    -9   -73   -84   -75   -38     0   -92  -100     0   -10    -5   -55   -36     0     0   -42     0   -63     0   -74     0   -57   -31     0     0   -20   -44   -29   -93   -42   -23   -81     0   -86   -77   -60
     0   -11     0   -73   -48     0   -47   -58   -54   -35   -19   -46     0   -12   -27   -60   -47   -85   -92   -16   -63     0     0   -53   -99   -48   -34   -36     0    -9   -18   -58     0   -36     0   -93     0   -94   -34   -90
   -65   -88     0   -67   -81   -85   -14     0   -66   -68   -27     0   -33   -57   -41    -8   -51   -93     0   -51     0     0     0     0   -26   -52     0   -28   -86   -30   -89   -31   -21   -98   -34     0   -55   -96   -29   -63
     0   -15   -44   -10   -20   -13   -34   -64   -68    -3     0   -18     0   -24    -8   -33     0   -38    -3    -9   -74   -53     0     0   -98     0   -77   -32   -55   -74   -56     0   -73   -36   -96   -51   -72   -33   -90   -84
     0   -30     0     0     0   -68     0   -65   -13   -22   -25     0   -88    -6   -99    -3   -82    -5     0     0     0   -99   -26   -98     0   -69   -96     0   -42   -50   -46   -24    -9   -84    -3     0     0     0     0   -69
   -90     0   -49   -96   -78    -7   -94     0   -35   -70    -3   -82   -81   -78   -88   -81   -14     0    -8     0   -57   -48   -52     0   -69     0   -51   -44     0   -90   -60   -90     0    -2     0   -14     0   -34     0   -51
     0   -97    -9   -31   -66     0     0   -12   -68   -73   -72     0   -16   -88     0   -74    -1     0     0     0   -31   -34     0   -77   -96   -51     0   -93   -43   -10   -50   -15   -19   -70   -57    -1    -8   -56   -54   -64
    -7   -45   -76     0     0     0   -78   -89     0   -76    -1   -29   -52   -22     0     0    -1   -48   -99     0     0   -36   -28   -32     0   -44   -93     0   -39   -72     0   -87   -74    -9   -14   -85   -59   -98   -91   -97
     0    -9     0   -31   -51   -80     0   -97   -93   -30     0   -96   -50     0   -25   -55     0     0   -52   -40     0     0   -86   -55   -42     0   -43   -39     0   -22   -53   -20    -3   -10   -31   -76     0     0   -50   -78
   -55   -65   -95     0   -18   -91     0   -42     0     0     0     0   -55   -89     0   -25   -37   -66   -72   -65   -20    -9   -30   -74   -50   -90   -10   -72   -22     0   -22   -93   -32   -53   -47     0   -36   -29   -67   -95
   -73     0     0   -58   -14   -66   -59     0    -1     0   -85   -79   -89   -73   -92   -15    -6   -85   -51   -22   -44   -18   -89   -56   -46   -60   -50     0   -53   -22     0   -10   -64    -4    -1     0   -70   -83   -50   -47
   -75     0   -85   -20   -58   -66     0     0   -88     0     0     0     0   -88   -47   -36   -90     0     0   -85   -29   -58   -31     0   -24   -90   -15   -87   -20   -93   -10     0   -59     0     0   -12   -66     0     0   -91
   -68     0    -2     0     0   -83   -83   -39   -76   -54     0   -24    -6   -86   -30   -79     0     0   -72     0   -93     0   -21   -73    -9     0   -19   -74    -3   -32   -64   -59     0   -24     0   -80   -10   -44   -18   -65
   -71   -41   -62   -85   -83   -67   -91   -22   -61     0   -72   -34   -55   -96   -94     0   -88     0   -57   -55   -42   -36   -98   -36   -84    -2   -70    -9   -10   -53    -4     0   -24     0   -88     0     0   -90   -29   -69
    -4   -13    -2     0   -84    -7     0     0    -9     0   -45   -65    -1   -13   -66   -23     0   -69   -32   -47   -23     0   -34   -96    -3     0   -57   -14   -31   -47    -1     0     0   -88     0   -11   -11   -78   -34   -85
   -11   -42     0   -79   -30   -41   -84     0     0   -78   -60     0   -28   -23   -27   -16   -25   -88     0     0   -81   -93     0   -51     0   -14    -1   -85   -76     0     0   -12   -80     0   -11     0     0    -9   -76   -40
   -26   -28   -21   -97     0   -79   -45     0   -20   -79     0   -90   -37    -5   -96   -70     0   -50   -53    -2     0     0   -55   -72     0     0    -8   -59     0   -36   -70   -66   -10     0   -11     0     0     0   -54   -23
   -79     0     0   -52     0   -99   -34     0     0   -41     0   -57   -84   -70   -66     0   -28   -64   -54   -66   -86   -94   -96   -33     0   -34   -56   -98     0   -29   -83     0   -44   -90   -78    -9     0     0   -76    -7
     0   -89    -2   -74   -16   -75   -60     0   -49     0   -17   -25   -99   -89   -15   -13     0     0     0   -98   -77   -34   -29   -90     0     0   -54   -91   -50   -67   -50     0   -18   -29   -34   -76   -54   -76     0   -69
   -94   -64     0   -38   -70   -61   -20   -92   -19     0     0   -63   -44   -78   -32   -92    -4   -78     0     0   -60   -90   -63   -84   -69   -51   -64   -97   -78   -95   -47   -91   -65   -69   -85   -40   -23    -7   -69     0
