QBPP_HJ+_25_050_20_4
25 73 3178
46 40 47 49 37 17 48 39 45 17 19 2 31 17 35 37 16 26 24 7 19 27 31 39 9
    0    7    0    0    0    0   17    0   70  100   90   70    0   35   85   60    6    0    0    0    0    6   25   51    0
    7    0    0   54    0   35    0   75    0    0   47    0   79    0    0    0    8   43    0   14    0    0   84    0    0
    0    0    0    0    0    0    0   80   85   93    0   49   32    0    0    0    0    0    0    0   10   16   11    0    0
    0   54    0    0    0   76   22   59   48   97   34   99    0    0    9    0    0    0   35   53    0    0   11    0    0
    0    0    0    0    0    0    0    0   64    0   90   55   64    0  100    0    0   80   80    0   38    0    5    0   62
    0   35    0   76    0    0    0   37    0   90   41   72    0    0    0   40    0   78   99    0   16    0    0   62    0
   17    0    0   22    0    0    0    0    0    0    0    0    0   45   75    0    0   53   41    0    0    0   76    0   24
    0   75   80   59    0   37    0    0   59    0   53    0   47   73    0    0    1    0   83    0    0   73    0    5   19
   70    0   85   48   64    0    0   59    0    0    2   86    0   80    0    0    0    0   67    0    5   98   50    0    0
  100    0   93   97    0   90    0    0    0    0    0    0   48    0    0    6    0    0    0  100    0   15   29    0   25
   90   47    0   34   90   41    0   53    2    0    0   16    0   97    0    2   53    0    0    2    0   28    0    0    0
   70    0   49   99   55   72    0    0   86    0   16    0   65    0   58   42   91    0   38   17   94    0    0    0    0
    0   79   32    0   64    0    0   47    0   48    0   65    0   95   16   28   53    0   90    0    0   46   32    5   87
   35    0    0    0    0    0   45   73   80    0   97    0   95    0    9    0   92   61   69   48    5    0    0    0    0
   85    0    0    9  100    0   75    0    0    0    0   58   16    9    0    0    0   25   62   56    0    0    0    0    0
   60    0    0    0    0   40    0    0    0    6    2   42   28    0    0    0   11    0   15    0    0    0    0    0    0
    6    8    0    0    0    0    0    1    0    0   53   91   53   92    0   11    0    0   88    0    0    6   73   11    0
    0   43    0    0   80   78   53    0    0    0    0    0    0   61   25    0    0    0    0    0   46    0    0   76    0
    0    0    0   35   80   99   41   83   67    0    0   38   90   69   62   15   88    0    0    0   53    0   68    0   97
    0   14    0   53    0    0    0    0    0  100    2   17    0   48   56    0    0    0    0    0    0    0   39   88    0
    0    0   10    0   38   16    0    0    5    0    0   94    0    5    0    0    0   46   53    0    0   45    6   58    0
    6    0   16    0    0    0    0   73   98   15   28    0   46    0    0    0    6    0    0    0   45    0   47    0    0
   25   84   11   11    5    0   76    0   50   29    0    0   32    0    0    0   73    0   68   39    6   47    0   55   96
   51    0    0    0    0   62    0    5    0    0    0    0    5    0    0    0   11   76    0   88   58    0   55    0    0
    0    0    0    0   62    0   24   19    0   25    0    0   87    0    0    0    0    0   97    0    0    0   96    0    0
