QBPP_HJ*_40_075_06_4
40 317 2
22 33 41 13 26 24 42 29 3 21 50 12 5 16 9 46 17 16 36 26 11 22 41 1 45 31 9 30 6 25 24 1 41 1 2 48 40 33 27 26
    0   24   -3    0    6   18  -49  -31  -30  -19  -41  -17    0   25  -32  -50  -41  -41   50  -15  -44  -19  -48    0  -22   -4   40  -39   -8    0  -18    0    0  -26   -1  -14    0   42  -15   29
   24    0  -47  -32    0   17    7    0   36  -19    0    0   37  -31  -21   11  -43    6  -13   17    0  -12    0   32  -45  -31  -45   18    0    3   16    0   41   -4    0    0   18    0   18   41
   -3  -47    0  -18   22    0  -40   37   28    0  -47    0    0  -29    0  -31  -20    0    0  -45   12   23  -33    0   18  -43  -47   13    0   18   30   26    0   10   37  -38   20   34    0  -41
    0  -32  -18    0    0   -2   31    0   -3    6   37    0  -49   17   48   33   21   39   24    0    0  -39  -12    8  -30   45   36   26  -22    0   23  -34    0    0   23    0   18    0   -5  -39
    6    0   22    0    0  -39   -5  -38   -2   -8  -49   33   41  -40   23  -21    0  -47    0   32    6   38  -34   -2   19    0    0   30   34   13    0    0    0   -3   -9    0   36   17   46  -19
   18   17    0   -2  -39    0   50  -10  -39    0   30   15   45    2    0  -22   23  -41    0   27  -41  -17   40    7  -32  -25  -29  -23   34  -10   39    0   48   39   33  -45    0    8   32    0
  -49    7  -40   31   -5   50    0    0   42  -17    2  -29    0   49    7    0  -34   42    0    0    0   44    0  -49   39   27  -48    2    0    0   -7   12   19   32    0   23   -9   24   31    0
  -31    0   37    0  -38  -10    0    0  -22    0    2   22  -22  -33   -5   17  -50   46   -1    0    0  -13    0    0  -19   47   -4   31    0   50    6   -5  -30   38    0   42   -1   11  -13    0
  -30   36   28   -3   -2  -39   42  -22    0  -18    0    5    0   22    0   50    0   -8  -13   50  -34   25   34   21  -49  -32   29   27   -4  -16    0   45  -46   33   -5   32   -9    4  -33    0
  -19  -19    0    6   -8    0  -17    0  -18    0   25  -25  -21  -32  -40   21  -31   42    0  -11    0    0    0    0  -23  -15   41    0  -15   39   -6    8  -46  -25  -23   16   50    4  -15    2
  -41    0  -47   37  -49   30    2    2    0   25    0  -22   31  -44  -42    0  -31   14   36    0    8    0   40    0  -30   40    0   -1    4    0   -8    0  -39  -16    0   43    7  -35   36  -39
  -17    0    0    0   33   15  -29   22    5  -25  -22    0    8    1  -19  -33  -41  -48   21   23   18  -50    0    0  -47  -19    0   46   49   -7  -48   24   26   -7    0   35   -1    0   -1    7
    0   37    0  -49   41   45    0  -22    0  -21   31    8    0  -31   12    6   13  -19    0   49  -42   -3   -1   24   28    0  -29    0    0   -8  -35    4    0  -24   -3  -25   23   -9   34    0
   25  -31  -29   17  -40    2   49  -33   22  -32  -44    1  -31    0    0   12  -26   -6    0   14  -33    0   50  -41  -40   40    0  -47    8   17    0    7   48   10  -32   36   15    0   14  -42
  -32  -21    0   48   23    0    7   -5    0  -40  -42  -19   12    0    0   40  -37   35    0    0   20    0    5  -21  -39   -7   -4  -40   29   50   -5   23   15   10    0    0    0   44  -42    0
  -50   11  -31   33  -21  -22    0   17   50   21    0  -33    6   12   40    0   23   20    0  -26   41  -24   10   25    3  -18   27  -37   48  -40   49  -21    0   49   13  -21  -27    0  -41   48
  -41  -43  -20   21    0   23  -34  -50    0  -31  -31  -41   13  -26  -37   23    0   36   18   10   27   43  -41    0    0    0   39    0   11    0   15   -5   -8   30   35   33    0  -23    0    2
  -41    6    0   39  -47  -41   42   46   -8   42   14  -48  -19   -6   35   20   36    0    0  -40   27    0   47    0    0   11    7    0  -26  -10  -13   34  -36   31  -20  -49  -44  -45   16   23
   50  -13    0   24    0    0    0   -1  -13    0   36   21    0    0    0    0   18    0    0  -10    0    0    0    0   -6    0  -14   -9    0  -23    0   41  -42  -42    0    0   34    0   38  -49
  -15   17  -45    0   32   27    0    0   50  -11    0   23   49   14    0  -26   10  -40  -10    0    0   12   36  -48  -13    0  -30    0  -36   22    0   -1  -45    0  -28  -44   -1   31  -46  -50
  -44    0   12    0    6  -41    0    0  -34    0    8   18  -42  -33   20   41   27   27    0    0    0   22    8  -20    6    0  -33  -14   -9   40  -34  -16  -25   30   45  -41   -5   42  -27    0
  -19  -12   23  -39   38  -17   44  -13   25    0    0  -50   -3    0    0  -24   43    0    0   12   22    0    0  -26   -7  -12    0   28    7   50  -23   38   34   42   -3  -11  -28   -9    0  -37
  -48    0  -33  -12  -34   40    0    0   34    0   40    0   -1   50    5   10  -41   47    0   36    8    0    0   50   27  -39  -37  -20   13   -6  -22    0  -33  -23   36   34    1  -26    0   28
    0   32    0    8   -2    7  -49    0   21    0    0    0   24  -41  -21   25    0    0    0  -48  -20  -26   50    0   47    0    0    0    0   -5    0    0  -46    2  -18    4   50   31    0   -6
  -22  -45   18  -30   19  -32   39  -19  -49  -23  -30  -47   28  -40  -39    3    0    0   -6  -13    6   -7   27   47    0    0  -45    5    7  -40    0    0    0    0  -47  -30    0    0   32   32
   -4  -31  -43   45    0  -25   27   47  -32  -15   40  -19    0   40   -7  -18    0   11    0    0    0  -12  -39    0    0    0    2  -22   10    0    2   19   31  -35    0  -21  -18    0   -7  -10
   40  -45  -47   36    0  -29  -48   -4   29   41    0    0  -29    0   -4   27   39    7  -14  -30  -33    0  -37    0  -45    2    0   47    0    0    8    7    0  -41    0  -40  -34    5    0   -8
  -39   18   13   26   30  -23    2   31   27    0   -1   46    0  -47  -40  -37    0    0   -9    0  -14   28  -20    0    5  -22   47    0   -7    0    0    0  -20  -21  -44  -15    0  -47  -12  -11
   -8    0    0  -22   34   34    0    0   -4  -15    4   49    0    8   29   48   11  -26    0  -36   -9    7   13    0    7   10    0   -7    0   40  -10   14    6  -33  -39  -10   -5  -30   44    0
    0    3   18    0   13  -10    0   50  -16   39    0   -7   -8   17   50  -40    0  -10  -23   22   40   50   -6   -5  -40    0    0    0   40    0  -20   48    0  -29  -17   48   49   15  -28    0
  -18   16   30   23    0   39   -7    6    0   -6   -8  -48  -35    0   -5   49   15  -13    0    0  -34  -23  -22    0    0    2    8    0  -10  -20    0    0   -8    0   -3    0   32    0   50    0
    0    0   26  -34    0    0   12   -5   45    8    0   24    4    7   23  -21   -5   34   41   -1  -16   38    0    0    0   19    7    0   14   48    0    0  -29   -6    0   47   -6    0   21  -39
    0   41    0    0    0   48   19  -30  -46  -46  -39   26    0   48   15    0   -8  -36  -42  -45  -25   34  -33  -46    0   31    0  -20    6    0   -8  -29    0  -24  -25    1    0  -48  -36   37
  -26   -4   10    0   -3   39   32   38   33  -25  -16   -7  -24   10   10   49   30   31  -42    0   30   42  -23    2    0  -35  -41  -21  -33  -29    0   -6  -24    0    5    0    5  -27  -28  -25
   -1    0   37   23   -9   33    0    0   -5  -23    0    0   -3  -32    0   13   35  -20    0  -28   45   -3   36  -18  -47    0    0  -44  -39  -17   -3    0  -25    5    0    0   29    0   -6  -42
  -14    0  -38    0    0  -45   23   42   32   16   43   35  -25   36    0  -21   33  -49    0  -44  -41  -11   34    4  -30  -21  -40  -15  -10   48    0   47    1    0    0    0   37    4    6   40
    0   18   20   18   36    0   -9   -1   -9   50    7   -1   23   15    0  -27    0  -44   34   -1   -5  -28    1   50    0  -18  -34    0   -5   49   32   -6    0    5   29   37    0    1    0   -8
   42    0   34    0   17    8   24   11    4    4  -35    0   -9    0   44    0  -23  -45    0   31   42   -9  -26   31    0    0    5  -47  -30   15    0    0  -48  -27    0    4    1    0   25   33
  -15   18    0   -5   46   32   31  -13  -33  -15   36   -1   34   14  -42  -41    0   16   38  -46  -27    0    0    0   32   -7    0  -12   44  -28   50   21  -36  -28   -6    6    0   25    0  -48
   29   41  -41  -39  -19    0    0    0    0    2  -39    7    0  -42    0   48    2   23  -49  -50    0  -37   28   -6   32  -10   -8  -11    0    0    0  -39   37  -25  -42   40   -8   33  -48    0
