QBPP_HJ-_45_075_10_5
45 212 800
37 12 15 5 19 4 25 26 12 13 24 20 39 32 41 49 31 34 3 18 7 6 4 2 4 17 37 25 8 32 8 30 46 34 42 48 47 36 41 18 23 11 9 46 18
     0   -14   -56   -38   -46   -60     0   -62    -4   -46   -47   -42   -23   -35   -10   -60   -54   -95   -26   -23   -57   -11   -46   -56   -52   -73   -49     0     0     0   -77     0   -53   -40   -43    -6   -38   -54   -92     0   -63     0   -77     0   -17
   -14     0    -3   -69   -44   -74   -18   -15   -12   -40   -86   -82    -6     0     0   -38     0   -70     0   -63   -18   -17     0   -29    -7    -1   -43    -9   -98     0     0   -42   -58   -15   -75   -86   -37   -60   -47     0   -93   -96   -11     0     0
   -56    -3     0     0   -65     0     0    -2   -88   -66   -63     0   -30     0   -85    -7   -90     0   -82   -80   -46   -90   -15     0     0   -27   -38   -77   -64   -72     0     0     0     0   -65   -79   -26   -42     0   -65   -99   -71   -18   -31   -21
   -38   -69     0     0     0   -72   -57     0   -33   -28   -83   -70   -55   -34     0   -96   -13     0   -75     0   -70   -78     0   -51   -66     0   -23   -76   -31   -31     0   -97     0     0     0   -39   -18   -41     0   -67   -68    -9   -13   -94   -28
   -46   -44   -65     0     0   -14    -4   -76   -19     0   -13     0   -45     0   -50   -27     0   -39   -99     0   -78   -19    -5   -25     0     0   -31   -77   -89   -41    -5   -20   -82   -50   -96   -51   -46   -85     0     0     0   -86   -47     0   -49
   -60   -74     0   -72   -14     0    -3   -38   -77   -57   -84   -99   -22     0   -45   -29   -34   -69   -13   -97   -62   -80   -24   -94   -20    -7   -58   -56   -86   -47   -18   -57     0   -55     0     0   -79   -56   -43   -13     0     0   -62     0    -6
     0   -18     0   -57    -4    -3     0   -74     0   -23   -81     0  -100     0     0   -45   -85   -85   -27   -15   -91     0   -55    -1   -37   -80   -30     0     0    -2   -42   -63   -91   -87     0   -14   -77   -81   -13   -67   -34   -94   -75   -89     0
   -62   -15    -2     0   -76   -38   -74     0   -34     0     0   -16   -32   -25    -5   -14     0     0   -78     0   -73    -4     0    -5   -22   -91   -80     0     0   -80   -53   -11   -38   -34   -18   -36   -30   -29   -32   -35   -93   -34     0   -47   -51
    -4   -12   -88   -33   -19   -77     0   -34     0   -49   -48    -4     0   -79     0     0   -81   -75     0   -32     0   -93    -3     0    -2   -43   -35     0   -78   -28    -2   -34     0     0   -26   -69   -55     0   -36   -93   -17   -77     0   -69     0
   -46   -40   -66   -28     0   -57   -23     0   -49     0     0     0   -17   -11   -45   -43   -93  -100   -78   -31   -32   -93     0   -31     0   -68     0   -33   -62    -1   -36   -11   -31   -17   -23   -10   -76   -19   -31   -50   -16  -100    -7   -28     0
   -47   -86   -63   -83   -13   -84   -81     0   -48     0     0   -86     0   -90   -59   -47   -84   -30   -97     0   -25     0     0     0     0   -74   -54   -66   -82   -17   -19     0   -56   -77   -43   -16   -13   -63     0     0   -88   -88    -1     0     0
   -42   -82     0   -70     0   -99     0   -16    -4     0   -86     0     0     0   -69     0    -2   -28   -35   -45   -12   -52     0   -37   -34   -79   -39   -92   -11   -38   -81   -61   -89   -39   -95   -55   -12   -59   -71     0     0   -88   -64   -95     0
   -23    -6   -30   -55   -45   -22  -100   -32     0   -17     0     0     0     0     0   -12   -50   -35   -23     0   -36   -11     0   -14   -35     0     0     0     0     0   -20     0   -82   -16   -20   -88     0     0   -13   -85   -14  -100     0   -55   -82
   -35     0     0   -34     0     0     0   -25   -79   -11   -90     0     0     0   -68   -80   -50     0   -40   -95    -2    -3   -78   -78   -25    -3   -72   -85   -59     0     0   -74   -23    -9     0    -4   -98   -89   -19   -48   -98   -75     0   -85   -32
   -10     0   -85     0   -50   -45     0    -5     0   -45   -59   -69     0   -68     0   -29     0   -22   -85     0   -84   -12     0   -39   -11     0     0   -81   -52   -99     0   -52   -61   -76     0     0     0   -93   -96   -20   -22   -33   -42   -78   -57
   -60   -38    -7   -96   -27   -29   -45   -14     0   -43   -47     0   -12   -80   -29     0   -61   -26   -94     0    -3   -72     0   -64     0     0   -15   -15   -53   -30   -56   -31     0     0   -56   -13     0     0   -53     0   -72   -88   -20   -71   -62
   -54     0   -90   -13     0   -34   -85     0   -81   -93   -84    -2   -50   -50     0   -61     0     0     0   -74     0    -6   -73     0    -3     0    -5   -53   -30   -58   -66     0   -61   -78     0   -66     0   -95   -66   -97   -84   -96   -55    -3   -87
   -95   -70     0     0   -39   -69   -85     0   -75  -100   -30   -28   -35     0   -22   -26     0     0   -10   -62    -2     0   -23   -65   -25   -27   -42     0     0    -3   -20     0     0   -35     0   -45     0   -19     0   -44     0   -95   -49     0    -1
   -26     0   -82   -75   -99   -13   -27   -78     0   -78   -97   -35   -23   -40   -85   -94     0   -10     0   -62    -7     0    -8   -28   -12   -43    -2   -50   -16   -51   -19     0   -78   -83     0   -51   -97   -32   -39     0     0     0   -58     0   -44
   -23   -63   -80     0     0   -97   -15     0   -32   -31     0   -45     0   -95     0     0   -74   -62   -62     0   -93     0   -77    -5   -97   -76     0    -2   -39   -81   -49     0     0   -87   -69     0   -68   -77   -48     0   -75    -8   -74   -50     0
   -57   -18   -46   -70   -78   -62   -91   -73     0   -32   -25   -12   -36    -2   -84    -3     0    -2    -7   -93     0     0     0    -2   -20   -31   -81     0   -30     0    -3     0   -35   -87   -50   -21    -6   -69   -37     0    -2   -75     0   -56   -14
   -11   -17   -90   -78   -19   -80     0    -4   -93   -93     0   -52   -11    -3   -12   -72    -6     0     0     0     0     0   -28   -21   -19   -48   -15   -31     0   -43   -55   -67   -41   -81     0   -67    -3   -43   -46     0     0    -4   -31   -77   -51
   -46     0   -15     0    -5   -24   -55     0    -3     0     0     0     0   -78     0     0   -73   -23    -8   -77     0   -28     0   -97   -18   -29     0     0   -23     0   -96   -20     0     0   -47   -83     0   -89    -2     0     0   -57     0     0     0
   -56   -29     0   -51   -25   -94    -1    -5     0   -31     0   -37   -14   -78   -39   -64     0   -65   -28    -5    -2   -21   -97     0   -48   -94   -96   -13    -5    -3   -88     0   -22     0   -19    -7    -9   -90   -44   -29   -65   -86   -64    -7   -71
   -52    -7     0   -66     0   -20   -37   -22    -2     0     0   -34   -35   -25   -11     0    -3   -25   -12   -97   -20   -19   -18   -48     0   -12   -66   -10   -44   -45   -82     0   -85   -28   -57   -62   -68   -64   -27     0   -69   -50   -92    -4     0
   -73    -1   -27     0     0    -7   -80   -91   -43   -68   -74   -79     0    -3     0     0     0   -27   -43   -76   -31   -48   -29   -94   -12     0    -1   -54   -30    -9   -65     0     0     0   -26  -100   -57   -36    -2   -85   -60     0   -53   -95   -27
   -49   -43   -38   -23   -31   -58   -30   -80   -35     0   -54   -39     0   -72     0   -15    -5   -42    -2     0   -81   -15     0   -96   -66    -1     0     0   -44   -97    -1   -16   -27    -8     0   -62   -33   -98   -60   -88   -25   -14   -63   -75   -76
     0    -9   -77   -76   -77   -56     0     0     0   -33   -66   -92     0   -85   -81   -15   -53     0   -50    -2     0   -31     0   -13   -10   -54     0     0   -82   -76   -47     0   -19   -26   -90    -1   -55   -86     0   -53   -95   -31   -23    -5   -56
     0   -98   -64   -31   -89   -86     0     0   -78   -62   -82   -11     0   -59   -52   -53   -30     0   -16   -39   -30     0   -23    -5   -44   -30   -44   -82     0   -22     0   -26   -83   -28   -13   -56   -96     0   -68   -78     0     0   -52   -55    -3
     0     0   -72   -31   -41   -47    -2   -80   -28    -1   -17   -38     0     0   -99   -30   -58    -3   -51   -81     0   -43     0    -3   -45    -9   -97   -76   -22     0   -62     0     0     0   -93   -48     0   -71   -46     0   -73   -60     0   -17   -70
   -77     0     0     0    -5   -18   -42   -53    -2   -36   -19   -81   -20     0     0   -56   -66   -20   -19   -49    -3   -55   -96   -88   -82   -65    -1   -47     0   -62     0     0   -50   -71   -86   -79   -40   -37   -66   -84   -64   -70   -69   -76   -52
     0   -42     0   -97   -20   -57   -63   -11   -34   -11     0   -61     0   -74   -52   -31     0     0     0     0     0   -67   -20     0     0     0   -16     0   -26     0     0     0   -85   -52   -51     0   -97   -12   -63   -32     0   -58   -26   -37    -2
   -53   -58     0     0   -82     0   -91   -38     0   -31   -56   -89   -82   -23   -61     0   -61     0   -78     0   -35   -41     0   -22   -85     0   -27   -19   -83     0   -50   -85     0   -51   -51   -30   -51   -69   -40   -55   -43   -34     0   -75     0
   -40   -15     0     0   -50   -55   -87   -34     0   -17   -77   -39   -16    -9   -76     0   -78   -35   -83   -87   -87   -81     0     0   -28     0    -8   -26   -28     0   -71   -52   -51     0   -76   -88   -17   -12     0   -10   -32    -9     0     0     0
   -43   -75   -65     0   -96     0     0   -18   -26   -23   -43   -95   -20     0     0   -56     0     0     0   -69   -50     0   -47   -19   -57   -26     0   -90   -13   -93   -86   -51   -51   -76     0     0   -76     0   -39    -6     0   -43   -37   -66   -89
    -6   -86   -79   -39   -51     0   -14   -36   -69   -10   -16   -55   -88    -4     0   -13   -66   -45   -51     0   -21   -67   -83    -7   -62  -100   -62    -1   -56   -48   -79     0   -30   -88     0     0   -62   -92   -14   -11   -47   -12   -15     0   -37
   -38   -37   -26   -18   -46   -79   -77   -30   -55   -76   -13   -12     0   -98     0     0     0     0   -97   -68    -6    -3     0    -9   -68   -57   -33   -55   -96     0   -40   -97   -51   -17   -76   -62     0   -95     0     0   -29   -32    -2     0   -76
   -54   -60   -42   -41   -85   -56   -81   -29     0   -19   -63   -59     0   -89   -93     0   -95   -19   -32   -77   -69   -43   -89   -90   -64   -36   -98   -86     0   -71   -37   -12   -69   -12     0   -92   -95     0   -96   -25   -73     0   -69   -62   -59
   -92   -47     0     0     0   -43   -13   -32   -36   -31     0   -71   -13   -19   -96   -53   -66     0   -39   -48   -37   -46    -2   -44   -27    -2   -60     0   -68   -46   -66   -63   -40     0   -39   -14     0   -96     0   -98     0    -1    -8     0    -8
     0     0   -65   -67     0   -13   -67   -35   -93   -50     0     0   -85   -48   -20     0   -97   -44     0     0     0     0     0   -29     0   -85   -88   -53   -78     0   -84   -32   -55   -10    -6   -11     0   -25   -98     0   -68   -83   -17     0   -16
   -63   -93   -99   -68     0     0   -34   -93   -17   -16   -88     0   -14   -98   -22   -72   -84     0     0   -75    -2     0     0   -65   -69   -60   -25   -95     0   -73   -64     0   -43   -32     0   -47   -29   -73     0   -68     0   -69     0   -75   -25
     0   -96   -71    -9   -86     0   -94   -34   -77  -100   -88   -88  -100   -75   -33   -88   -96   -95     0    -8   -75    -4   -57   -86   -50     0   -14   -31     0   -60   -70   -58   -34    -9   -43   -12   -32     0    -1   -83   -69     0   -45   -38   -80
   -77   -11   -18   -13   -47   -62   -75     0     0    -7    -1   -64     0     0   -42   -20   -55   -49   -58   -74     0   -31     0   -64   -92   -53   -63   -23   -52     0   -69   -26     0     0   -37   -15    -2   -69    -8   -17     0   -45     0   -55   -29
     0     0   -31   -94     0     0   -89   -47   -69   -28     0   -95   -55   -85   -78   -71    -3     0     0   -50   -56   -77     0    -7    -4   -95   -75    -5   -55   -17   -76   -37   -75     0   -66     0     0   -62     0     0   -75   -38   -55     0   -90
   -17     0   -21   -28   -49    -6     0   -51     0     0     0     0   -82   -32   -57   -62   -87    -1   -44     0   -14   -51     0   -71     0   -27   -76   -56    -3   -70   -52    -2     0     0   -89   -37   -76   -59    -8   -16   -25   -80   -29   -90     0
