QBPP_HJ*_30_075_06_5
30 269 11
31 16 24 32 50 20 20 34 39 46 16 7 2 40 2 32 35 43 4 32 2 36 8 28 40 50 32 20 37 27
    0    6  -18    0    1    0   19    9   -1   43   36   23  -18    0   41    0  -28   45   43  -12    0  -49   25    0  -32  -37   27   37   18   32
    6    0    6   46    0   30   34  -27  -20  -39    0    0   15   39   44   -4   -4   37    0   40   29   -4    0  -24    8  -43   -8    0  -21  -21
  -18    6    0  -15  -31  -15   20   19    0    0    1    0   20  -15   -2   -6    0    0  -16   36  -47  -14   48    4   40    0   29  -35   10    0
    0   46  -15    0   45    0   16  -27   27   14   -5   41   16   34    3  -41  -35  -47   18   34   27   -7    0  -34   15  -27    0   46   31    1
    1    0  -31   45    0    8   27   14  -32    0   38    0    0  -50    4    0    0   -5  -40    0  -42    0  -39   45   16  -35  -19    0  -18  -11
    0   30  -15    0    8    0  -18   47    0  -45   37   32  -13    2  -17   16  -18  -22    0  -33   43  -25    0  -50  -39  -28    0    0    0    0
   19   34   20   16   27  -18    0   -2   49   25    5   23    0  -44   43   -7  -47    6  -41   25   33    0  -32   16   -7   11   39    6  -40   42
    9  -27   19  -27   14   47   -2    0   45   28    0    0    0   15    0  -43  -10   49  -29   -2  -18    0    8   34  -38  -20  -42  -13    0   -6
   -1  -20    0   27  -32    0   49   45    0  -24    0    0   -2   45  -32   -4   37   -7  -17  -30    0  -41   15    0   42    0  -23  -43    0    6
   43  -39    0   14    0  -45   25   28  -24    0   30  -17    0   -7    0  -10  -46    0  -21    8   28    5    4   24   -3  -34  -33  -20  -23   29
   36    0    1   -5   38   37    5    0    0   30    0   16    0  -16  -32    0    0   -1    3  -39  -39  -10   19    0  -34    3    0    0  -38    0
   23    0    0   41    0   32   23    0    0  -17   16    0   37    8  -46  -48  -33    0   31    3    0  -26    3    0   12  -31  -47  -35   46   -8
  -18   15   20   16    0  -13    0    0   -2    0    0   37    0    0   39  -30  -11  -10   25    0    0    0    9    0    0   24  -19    0  -50   33
    0   39  -15   34  -50    2  -44   15   45   -7  -16    8    0    0   -5    2    0  -50  -50  -42   37    0  -28    0   -3    0    0  -11    1    0
   41   44   -2    3    4  -17   43    0  -32    0  -32  -46   39   -5    0  -44  -22  -46   49    0   -9  -27    0   -9  -20    0  -40    1  -38  -11
    0   -4   -6  -41    0   16   -7  -43   -4  -10    0  -48  -30    2  -44    0   25  -46  -17  -19    5   14   37   23   28  -28    0    0  -50  -46
  -28   -4    0  -35    0  -18  -47  -10   37  -46    0  -33  -11    0  -22   25    0  -36   -9    1   19   -6   30   40  -20   -1   -9    0    0   37
   45   37    0  -47   -5  -22    6   49   -7    0   -1    0  -10  -50  -46  -46  -36    0   19  -47  -29    4   43  -49    0    0  -11    1   -3   15
   43    0  -16   18  -40    0  -41  -29  -17  -21    3   31   25  -50   49  -17   -9   19    0    5   21    0  -44  -21  -48   37    0    0  -46    4
  -12   40   36   34    0  -33   25   -2  -30    8  -39    3    0  -42    0  -19    1  -47    5    0    3  -47    0  -12   16   25    8   28   36    0
    0   29  -47   27  -42   43   33  -18    0   28  -39    0    0   37   -9    5   19  -29   21    3    0    0   37  -48    0    0   28   -6   35  -31
  -49   -4  -14   -7    0  -25    0    0  -41    5  -10  -26    0    0  -27   14   -6    4    0  -47    0    0  -22   42   22  -44  -34  -42  -23  -49
   25    0   48    0  -39    0  -32    8   15    4   19    3    9  -28    0   37   30   43  -44    0   37  -22    0  -47  -50    0    0    0   41   45
    0  -24    4  -34   45  -50   16   34    0   24    0    0    0    0   -9   23   40  -49  -21  -12  -48   42  -47    0  -48   42  -31   48    0  -28
  -32    8   40   15   16  -39   -7  -38   42   -3  -34   12    0   -3  -20   28  -20    0  -48   16    0   22  -50  -48    0  -27    0  -34  -32  -17
  -37  -43    0  -27  -35  -28   11  -20    0  -34    3  -31   24    0    0  -28   -1    0   37   25    0  -44    0   42  -27    0    0   25    0  -49
   27   -8   29    0  -19    0   39  -42  -23  -33    0  -47  -19    0  -40    0   -9  -11    0    8   28  -34    0  -31    0    0    0    0  -34    0
   37    0  -35   46    0    0    6  -13  -43  -20    0  -35    0  -11    1    0    0    1    0   28   -6  -42    0   48  -34   25    0    0   29    0
   18  -21   10   31  -18    0  -40    0    0  -23  -38   46  -50    1  -38  -50    0   -3  -46   36   35  -23   41    0  -32    0  -34   29    0  -20
   32  -21    0    1  -11    0   42   -6    6   29    0   -8   33    0  -11  -46   37   15    4    0  -31  -49   45  -28  -17  -49    0    0  -20    0
