QBPP_HJ*_45_075_06_1
45 378 5
1 39 17 7 31 48 43 11 19 5 32 22 2 42 20 25 36 8 25 28 43 41 50 23 11 23 38 9 40 14 35 23 49 30 30 15 7 34 7 37 1 35 4 49 25
    0   17    0  -27   28  -45   23   -1    0   25   -7   47   16  -19  -13   34  -21  -39  -47  -13    0   11  -33   23    0    0  -40   33  -13    0   40  -16   -2   33   -8  -39  -19  -34   28   12    0   25    0    0  -37
   17    0   32  -10   12   17    7   30    7   30   43   12    0  -22    0    0   18    0  -35  -28    9   22   20  -11    8    0   -7  -48    0    0   45  -29    0  -32  -26   24  -34  -10    2   22  -11   42   38   41   23
    0   32    0   34    0  -11    0    3   44    0   -2  -42  -32   -6   38    0  -10   24  -37  -21  -34  -25   26    0   35   34  -46   26   46    0  -49   12    0   12   35   -4    6   28  -24    0   24    3   28    0  -38
  -27  -10   34    0  -39   26  -15   42   46  -17  -18   48    0  -39  -22  -39  -47    0   25   30  -26   23  -13   17    0  -46  -40    8    0   -1  -35   19    0  -29  -38    0   34   -4   17   16   40  -40   50    0    6
   28   12    0  -39    0   10    0   13    0  -48  -16  -49   33    0  -22    0  -46  -45  -41   13  -47  -27    2    0  -18   20   46   -6  -36   18   20  -24  -49    0    0  -28   25  -41   -2  -39  -10    0    0   28   45
  -45   17  -11   26   10    0   40    8   23    0  -21  -15   45  -39    0    8  -26   49    1    0  -12  -13   16  -24    0   10   45   10    0    0    0    0    0   29    0    0  -20  -38  -27  -35  -42  -15    0   -6  -48
   23    7    0  -15    0   40    0    9    9   30    0  -47    0   50    0  -26  -12    0   32  -31    0   36  -25    0   39    0    0  -23    7   28  -24   47    0    0    0   -8    0  -31  -38   41  -48   -5  -37   46   -6
   -1   30    3   42   13    8    9    0  -27  -19   -8    0   25  -32    7   37  -42    0  -20  -23   47   49    4  -40  -50    0    0    0  -13   40   32  -11  -23    0    9  -46  -28    0  -44   18    0    0    0  -36  -11
    0    7   44   46    0   23    9  -27    0   16    0   46    8   38    0  -13   44  -14   -8   17    0   40   -1   -6   36  -49   35   -8  -28  -35  -28   18  -37   19    0   -2    0   15    0  -46   11    0   48  -23    1
   25   30    0  -17  -48    0   30  -19   16    0  -18  -26   23   -4  -47   10    0   -2   39    0   -8   44   32   -3    6  -34    0   41    0    0    0   17    0    0    0   -4    0   35    0   41   22    0   21   23    0
   -7   43   -2  -18  -16  -21    0   -8    0  -18    0    0    0    0  -17   46   -4    0   18  -18   32   -8  -24  -39    0    0   -7  -46   13    0    0  -31   47  -15    0  -17  -15    0    8  -10   12   21    0    0  -11
   47   12  -42   48  -49  -15  -47    0   46  -26    0    0    0    0  -28   26  -24  -45    0    0    0    0    0  -42   10    8   33    0    0    0   49    0  -25  -32    6  -20   12    7    0  -35    0  -28    0   26    0
   16    0  -32    0   33   45    0   25    8   23    0    0    0  -24   50   37    3   15   12   16   -1   -9  -46  -10    4   37    0    0  -36   11   15   12    0   -3  -16  -29  -36    0   11  -24  -48   18  -36   16    8
  -19  -22   -6  -39    0  -39   50  -32   38   -4    0    0  -24    0   13  -47    0    0   36  -12  -25    0   45   23  -20  -48    0    0   38    0    9    0  -41   -4   -8    2    0   30  -36    5    0   -5  -25  -28   15
  -13    0   38  -22  -22    0    0    7    0  -47  -17  -28   50   13    0   45   49    0  -24   20  -19    0   19  -14  -33  -44   -9    0  -50    8    3    0  -21  -39    0   41    0   49  -29    0   45   22  -49    0   -7
   34    0    0  -39    0    8  -26   37  -13   10   46   26   37  -47   45    0   20   14  -42   34    0    0   27   20  -26  -20   38  -39   20  -38  -23   31  -19    0  -34    0    2  -50  -34   36  -21   -1  -48    0   34
  -21   18  -10  -47  -46  -26  -12  -42   44    0   -4  -24    3    0   49   20    0  -26   47    0  -16   22  -19   23    3    9    0    0    1  -29  -33    0    0  -39    0    0   40  -27   15    1    0  -27    5  -21    0
  -39    0   24    0  -45   49    0    0  -14   -2    0  -45   15    0    0   14  -26    0   -9   33  -25  -23   48  -49   14    0    0  -34  -38   22   41    0  -28    0   -2   -6  -25    0  -23   11    0    0   22    0  -33
  -47  -35  -37   25  -41    1   32  -20   -8   39   18    0   12   36  -24  -42   47   -9    0   44  -25  -43   49    0  -50   -1  -29  -44  -26  -23   20  -42    0   -8  -19   27   33   -3    0    6   18    0   10    0    0
  -13  -28  -21   30   13    0  -31  -23   17    0  -18    0   16  -12   20   34    0   33   44    0    0    0    0   26    0  -19   24  -37    0   43  -16  -25  -31    0    7    0  -44   45   49    0    0    1  -16   42  -28
    0    9  -34  -26  -47  -12    0   47    0   -8   32    0   -1  -25  -19    0  -16  -25  -25    0    0   10    0    0    3    0    0   25   36   49    7   -7    0  -50    0   50    0   49    2  -46    0   13    2  -10    0
   11   22  -25   23  -27  -13   36   49   40   44   -8    0   -9    0    0    0   22  -23  -43    0   10    0   47   49   40    0  -29  -47   42  -27  -18  -28    0  -33  -43  -48   -2   -5    0  -30  -27  -21  -41  -14    0
  -33   20   26  -13    2   16  -25    4   -1   32  -24    0  -46   45   19   27  -19   48   49    0    0   47    0   48  -12    0   24    4   25    0  -30  -15   -8    0    0   -5    0    0   23   -6    9  -35  -50   31   -9
   23  -11    0   17    0  -24    0  -40   -6   -3  -39  -42  -10   23  -14   20   23  -49    0   26    0   49   48    0  -17  -48  -14  -25   29    0  -18   31    0    0  -15  -38   40    0  -12    0   -6  -13    0   38   35
    0    8   35    0  -18    0   39  -50   36    6    0   10    4  -20  -33  -26    3   14  -50    0    3   40  -12  -17    0    0  -43  -26   50  -48  -40  -43    0  -39  -16   33  -26    0  -43    0  -14    3   48    0   17
    0    0   34  -46   20   10    0    0  -49  -34    0    8   37  -48  -44  -20    9    0   -1  -19    0    0    0  -48    0    0   11   10    0   35   -4    0    0  -40   26   -6  -22  -15  -49   12  -42  -50  -31    5    3
  -40   -7  -46  -40   46   45    0    0   35    0   -7   33    0    0   -9   38    0    0  -29   24    0  -29   24  -14  -43   11    0  -37   18   25    0  -19  -37    0   33   40    0   47   18   -1  -11    0  -27   40  -20
   33  -48   26    8   -6   10  -23    0   -8   41  -46    0    0    0    0  -39    0  -34  -44  -37   25  -47    4  -25  -26   10  -37    0  -22  -41    0    0  -12    0   -9  -46   47    0    0    0  -26   10    0    0    0
  -13    0   46    0  -36    0    7  -13  -28    0   13    0  -36   38  -50   20    1  -38  -26    0   36   42   25   29   50    0   18  -22    0   10   49   46   25    0  -19   22   39   19    0   12   10    9   47   50    0
    0    0    0   -1   18    0   28   40  -35    0    0    0   11    0    8  -38  -29   22  -23   43   49  -27    0    0  -48   35   25  -41   10    0  -12   43  -16   21    9  -33    0   37   26   24   19   16  -24  -18  -18
   40   45  -49  -35   20    0  -24   32  -28    0    0   49   15    9    3  -23  -33   41   20  -16    7  -18  -30  -18  -40   -4    0    0   49  -12    0  -20    3    0    0   -7    0   43   22    0    0   -2  -23    7    4
  -16  -29   12   19  -24    0   47  -11   18   17  -31    0   12    0    0   31    0    0  -42  -25   -7  -28  -15   31  -43    0  -19    0   46   43  -20    0    0   28    0   -6   27   50   49   30  -28   37   -5   37    0
   -2    0    0    0  -49    0    0  -23  -37    0   47  -25    0  -41  -21  -19    0  -28    0  -31    0    0   -8    0    0    0  -37  -12   25  -16    3    0    0   46   43   12   -2  -20    0    0  -22  -42   23   39   47
   33  -32   12  -29    0   29    0    0   19    0  -15  -32   -3   -4  -39    0  -39    0   -8    0  -50  -33    0    0  -39  -40    0    0    0   21    0   28   46    0  -15   17    0    0    0    0    0    0   31    5   32
   -8  -26   35  -38    0    0    0    9    0    0    0    6  -16   -8    0  -34    0   -2  -19    7    0  -43    0  -15  -16   26   33   -9  -19    9    0    0   43  -15    0    0  -13  -24  -22   48    0   14    9    0   26
  -39   24   -4    0  -28    0   -8  -46   -2   -4  -17  -20  -29    2   41    0    0   -6   27    0   50  -48   -5  -38   33   -6   40  -46   22  -33   -7   -6   12   17    0    0    0  -47    0   35    9  -11  -34  -41    6
  -19  -34    6   34   25  -20    0  -28    0    0  -15   12  -36    0    0    2   40  -25   33  -44    0   -2    0   40  -26  -22    0   47   39    0    0   27   -2    0  -13    0    0  -10   35  -29  -22   21  -36   -5  -36
  -34  -10   28   -4  -41  -38  -31    0   15   35    0    7    0   30   49  -50  -27    0   -3   45   49   -5    0    0    0  -15   47    0   19   37   43   50  -20    0  -24  -47  -10    0   18    0   17    0    0  -29    0
   28    2  -24   17   -2  -27  -38  -44    0    0    8    0   11  -36  -29  -34   15  -23    0   49    2    0   23  -12  -43  -49   18    0    0   26   22   49    0    0  -22    0   35   18    0    0  -39   40    0  -18    3
   12   22    0   16  -39  -35   41   18  -46   41  -10  -35  -24    5    0   36    1   11    6    0  -46  -30   -6    0    0   12   -1    0   12   24    0   30    0    0   48   35  -29    0    0    0   35  -45  -28  -36    0
    0  -11   24   40  -10  -42  -48    0   11   22   12    0  -48    0   45  -21    0    0   18    0    0  -27    9   -6  -14  -42  -11  -26   10   19    0  -28  -22    0    0    9  -22   17  -39   35    0   -2    0  -18    0
   25   42    3  -40    0  -15   -5    0    0    0   21  -28   18   -5   22   -1  -27    0    0    1   13  -21  -35  -13    3  -50    0   10    9   16   -2   37  -42    0   14  -11   21    0   40  -45   -2    0    0    0   -1
    0   38   28   50    0    0  -37    0   48   21    0    0  -36  -25  -49  -48    5   22   10  -16    2  -41  -50    0   48  -31  -27    0   47  -24  -23   -5   23   31    9  -34  -36    0    0  -28    0    0    0    6  -40
    0   41    0    0   28   -6   46  -36  -23   23    0   26   16  -28    0    0  -21    0    0   42  -10  -14   31   38    0    5   40    0   50  -18    7   37   39    5    0  -41   -5  -29  -18  -36  -18    0    6    0    0
  -37   23  -38    6   45  -48   -6  -11    1    0  -11    0    8   15   -7   34    0  -33    0  -28    0    0   -9   35   17    3  -20    0    0  -18    4    0   47   32   26    6  -36    0    3    0    0   -1  -40    0    0
