QBPP_HJ-_25_075_06_4
25 223 193
29 20 26 40 22 26 2 16 20 30 32 18 33 19 35 17 32 17 38 37 19 49 41 14 35
     0   -84    -3   -51   -84   -56   -57   -11   -85   -94   -90   -58   -24   -38     0   -67     0   -43   -77   -46   -99   -70   -88   -55   -41
   -84     0    -1     0   -92     0   -92   -51   -51   -36   -27   -64   -64   -78   -45   -58   -34    -5     0     0     0    -3   -52   -15    -1
    -3    -1     0     0   -82   -87   -95   -87    -6   -38   -43   -72   -57   -30   -93    -4    -9   -34     0   -44   -23   -85     0     0     0
   -51     0     0     0   -51   -88    -8     0   -28    -2     0   -46   -42   -59     0    -4   -55   -56   -79     0   -75   -78   -58   -53   -25
   -84   -92   -82   -51     0   -37   -34   -87     0   -16   -53   -41    -6   -98   -50   -93     0   -15   -26     0   -62   -17     0   -68   -56
   -56     0   -87   -88   -37     0   -26     0    -4   -67     0   -12   -24   -23   -75   -80   -57   -67   -79   -61  -100   -63    -9    -3   -76
   -57   -92   -95    -8   -34   -26     0   -99     0   -11   -16   -56   -99   -79   -47   -21     0     0   -28   -69   -90     0    -8     0   -20
   -11   -51   -87     0   -87     0   -99     0   -26   -62     0     0     0   -68     0   -23   -59   -87   -45   -39   -84    -7    -7     0    -8
   -85   -51    -6   -28     0    -4     0   -26     0     0   -94   -99   -39   -80   -84   -33   -53     0   -18    -1   -43     0   -94   -44   -68
   -94   -36   -38    -2   -16   -67   -11   -62     0     0   -51   -81     0   -86   -35   -67   -74   -75   -45     0   -55   -97    -9   -98   -97
   -90   -27   -43     0   -53     0   -16     0   -94   -51     0   -72   -39    -5   -14     0   -34     0   -63     0   -32     0   -82   -10   -28
   -58   -64   -72   -46   -41   -12   -56     0   -99   -81   -72     0   -34   -70   -22   -19   -56     0     0   -13   -56   -66   -12   -97    -1
   -24   -64   -57   -42    -6   -24   -99     0   -39     0   -39   -34     0   -52   -93   -66   -74   -91     0   -26   -21   -25   -82   -86   -58
   -38   -78   -30   -59   -98   -23   -79   -68   -80   -86    -5   -70   -52     0     0   -95   -95   -84   -63     0   -66   -42   -80   -24    -2
     0   -45   -93     0   -50   -75   -47     0   -84   -35   -14   -22   -93     0     0     0   -55   -64   -62     0   -37   -65   -99   -60   -55
   -67   -58    -4    -4   -93   -80   -21   -23   -33   -67     0   -19   -66   -95     0     0    -1   -78   -85   -20   -63   -81   -52   -71   -69
     0   -34    -9   -55     0   -57     0   -59   -53   -74   -34   -56   -74   -95   -55    -1     0     0   -63     0  -100   -84   -45     0   -83
   -43    -5   -34   -56   -15   -67     0   -87     0   -75     0     0   -91   -84   -64   -78     0     0   -87   -73     0     0    -3     0     0
   -77     0     0   -79   -26   -79   -28   -45   -18   -45   -63     0     0   -63   -62   -85   -63   -87     0   -13   -54   -15   -38   -78     0
   -46     0   -44     0     0   -61   -69   -39    -1     0     0   -13   -26     0     0   -20     0   -73   -13     0     0     0   -32   -13     0
   -99     0   -23   -75   -62  -100   -90   -84   -43   -55   -32   -56   -21   -66   -37   -63  -100     0   -54     0     0   -48   -91     0     0
   -70    -3   -85   -78   -17   -63     0    -7     0   -97     0   -66   -25   -42   -65   -81   -84     0   -15     0   -48     0   -55    -4   -83
   -88   -52     0   -58     0    -9    -8    -7   -94    -9   -82   -12   -82   -80   -99   -52   -45    -3   -38   -32   -91   -55     0   -58   -91
   -55   -15     0   -53   -68    -3     0     0   -44   -98   -10   -97   -86   -24   -60   -71     0     0   -78   -13     0    -4   -58     0   -69
   -41    -1     0   -25   -56   -76   -20    -8   -68   -97   -28    -1   -58    -2   -55   -69   -83     0     0     0     0   -83   -91   -69     0
