QBPP_HJ*_35_075_10_3
35 182 30
8 3 16 46 43 28 36 35 47 28 26 35 32 24 45 4 18 2 20 43 49 1 33 17 26 32 5 46 4 10 34 16 47 5 42
    0   -6  -20    0   18  -27   26    4  -15   12  -11    0  -45    0   13    0  -38   34   41   -1   50   50   49    0    0   16    0   41  -34  -48    0    0   48    3    2
   -6    0    4  -33    0  -13  -24   40   46   42   18    0  -35   21   22   -5  -48   50  -43   39   45    0    0    0    5   13    6   -8   19    0   24  -24   24   14    2
  -20    4    0    2  -29    0   36  -17  -38    0    0   21    0   40  -21   -5    0    0  -37  -33  -28  -25   16   20   28    0  -23   18   -5   28  -48   21    0   20    0
    0  -33    2    0   44   13  -17  -37  -43  -40   36  -37   36    0   21    0    0  -47   42    0  -49    6    0    0  -36    0   50    0    0    0   -7    0   36  -27  -49
   18    0  -29   44    0    0   15    0  -45    0  -17    0   46    0   15    0    0    0  -42  -43  -17    0   10   27   48   43   37   13   14   39  -45   37  -49  -29    0
  -27  -13    0   13    0    0    0  -32   -9   22  -47    0  -47    0   36   -4   37  -29   42   26    0   33  -32   42   40    4   26   23  -26   40    0    0  -12  -23   -2
   26  -24   36  -17   15    0    0   45  -22   -8    0   -3   46  -47    4   -8   28    0  -18   31    0   26   44   -5   35    0   47  -48   11  -33  -41  -39   32  -15  -41
    4   40  -17  -37    0  -32   45    0    0  -11   -4    0   40   43   35   -8  -20    0   -3    0   45  -41  -47    0   41  -11   49  -48   30   46  -13   -3    0  -23  -27
  -15   46  -38  -43  -45   -9  -22    0    0   42   27    0    0  -19  -42   23  -19    0   42   -2  -22  -23  -42  -24   -2    8   37   40    0   26    0  -31   26    0  -29
   12   42    0  -40    0   22   -8  -11   42    0    0    0    0   15    2   28    0    0    8  -20    0   46  -39  -47   -7  -48  -37  -16   15  -25   47   -4    4   41   41
  -11   18    0   36  -17  -47    0   -4   27    0    0   39   -9    0   41   24  -32    0    7  -45   50    0   32   26  -31  -42    0    1    0   -1    0    0   29   -7  -46
    0    0   21  -37    0    0   -3    0    0    0   39    0    0    0    0  -27    0   50    0   47    0   13    0  -15   -7  -23  -16   -8  -47    5    0  -34   -3   37    0
  -45  -35    0   36   46  -47   46   40    0    0   -9    0    0   44  -40  -46   39  -13  -44  -22   44   -7  -48  -22  -10  -31   -8   25   34    0   -2    0   17   -3   25
    0   21   40    0    0    0  -47   43  -19   15    0    0   44    0  -31  -17    0  -22    0    0  -49  -47   -9  -20    0    0    8    0    0  -50  -49  -37   -6    0    0
   13   22  -21   21   15   36    4   35  -42    2   41    0  -40  -31    0   24    0  -26    0   27    0    3    0   31   21  -24    6   29   15   23    0  -22   41  -23    0
    0   -5   -5    0    0   -4   -8   -8   23   28   24  -27  -46  -17   24    0    0   32   -8   18   20  -47   32  -20    0   26  -35   10   11    0   48  -15  -44   43    0
  -38  -48    0    0    0   37   28  -20  -19    0  -32    0   39    0    0    0    0   48    0  -43   13   40   28   -8   46   21    0    0   42    0   48   31   14  -28    0
   34   50    0  -47    0  -29    0    0    0    0    0   50  -13  -22  -26   32   48    0    0    0    0   33    0   20    0    8  -10   19    0  -26   35   50    0    0  -23
   41  -43  -37   42  -42   42  -18   -3   42    8    7    0  -44    0    0   -8    0    0    0    0  -28    0   13    0    0    0   -1  -16  -13    0   -1    0    8   29  -42
   -1   39  -33    0  -43   26   31    0   -2  -20  -45   47  -22    0   27   18  -43    0    0    0   15   14  -20    0    0    0  -18   -5  -20    6   28   33  -30  -13   45
   50   45  -28  -49  -17    0    0   45  -22    0   50    0   44  -49    0   20   13    0  -28   15    0    0    0    0  -32  -28    0   36    6  -18   47  -33   49    9   -1
   50    0  -25    6    0   33   26  -41  -23   46    0   13   -7  -47    3  -47   40   33    0   14    0    0   37  -40    0   34   42  -23   10   49   50    0   -8    0   -8
   49    0   16    0   10  -32   44  -47  -42  -39   32    0  -48   -9    0   32   28    0   13  -20    0   37    0  -21   32    0    0  -10    0  -45  -31   35  -37  -12    0
    0    0   20    0   27   42   -5    0  -24  -47   26  -15  -22  -20   31  -20   -8   20    0    0    0  -40  -21    0   32   49  -14   31  -43  -28   30   22    6   18    0
    0    5   28  -36   48   40   35   41   -2   -7  -31   -7  -10    0   21    0   46    0    0    0  -32    0   32   32    0  -12    0    0    0    0   16    0    7    0    0
   16   13    0    0   43    4    0  -11    8  -48  -42  -23  -31    0  -24   26   21    8    0    0  -28   34    0   49  -12    0    7  -45    0   11    6  -35    0  -36   50
    0    6  -23   50   37   26   47   49   37  -37    0  -16   -8    8    6  -35    0  -10   -1  -18    0   42    0  -14    0    7    0    0   47   20    6   -7   17    0    0
   41   -8   18    0   13   23  -48  -48   40  -16    1   -8   25    0   29   10    0   19  -16   -5   36  -23  -10   31    0  -45    0    0  -38  -49   -3    0    0    0   26
  -34   19   -5    0   14  -26   11   30    0   15    0  -47   34    0   15   11   42    0  -13  -20    6   10    0  -43    0    0   47  -38    0   29  -45   34  -40   25   20
  -48    0   28    0   39   40  -33   46   26  -25   -1    5    0  -50   23    0    0  -26    0    6  -18   49  -45  -28    0   11   20  -49   29    0   21   35    0   12  -25
    0   24  -48   -7  -45    0  -41  -13    0   47    0    0   -2  -49    0   48   48   35   -1   28   47   50  -31   30   16    6    6   -3  -45   21    0   25  -30  -43    0
    0  -24   21    0   37    0  -39   -3  -31   -4    0  -34    0  -37  -22  -15   31   50    0   33  -33    0   35   22    0  -35   -7    0   34   35   25    0    0  -36    9
   48   24    0   36  -49  -12   32    0   26    4   29   -3   17   -6   41  -44   14    0    8  -30   49   -8  -37    6    7    0   17    0  -40    0  -30    0    0    0   43
    3   14   20  -27  -29  -23  -15  -23    0   41   -7   37   -3    0  -23   43  -28    0   29  -13    9    0  -12   18    0  -36    0    0   25   12  -43  -36    0    0    0
    2    2    0  -49    0   -2  -41  -27  -29   41  -46    0   25    0    0    0    0  -23  -42   45   -1   -8    0    0    0   50    0   26   20  -25    0    9   43    0    0
