QBPP_HJ+_45_075_10_3
45 234 838
13 9 40 48 16 8 28 33 28 50 22 34 21 48 4 4 30 25 13 4 38 33 27 28 37 50 25 43 28 21 22 30 6 50 29 30 7 35 49 8 34 12 20 23 7
    0    0   58   34    7   20   44   50    8   71    3    0   61   47    0    0    0    2   78   21   91    0   70   41    0   32   76    0   34   79   96   68    0    0   19   78   84   29    0    0   76   58   70   43   41
    0    0   58   51    0   63   41   90   51   57   57    0   35   60   43    0   28    0   61    0   22   95  100    4   35    0   55   65   75    0   53   24   82   97   54   36   96    0   18   31   14   48    0    4    0
   58   58    0    0   61   50    4   79    8   31    0    0   77  100   10    0   59   18   27   56   34    0   32   11   56   28    5   63   75   59   60   96   40   53   19   86    0   92    0   83   11   27   66    4   61
   34   51    0    0   28   21   72    0   57   75    0   43    6   40    4   15   11   96    7   18    0   99   13   54    5   55   78   40   29   42   80   14    0   30   73   38   63    0   83    0   75  100   12   16   72
    7    0   61   28    0   21   55    0   43    0    0    0    0    3   89   24   70   16   39    0   32   63   65    0   59   58   12    0   99   52    0   48   12   45   83   28   28    0   37   55   51   31    3   44   50
   20   63   50   21   21    0   85   45    0   87   37    0    0    0    3    0   85   24    0    0   79   62   92   80    0    9   43   77   20   20    0   62   16   41   47    0   54   29    9   46   40    0    0    0   54
   44   41    4   72   55   85    0   50   48   55   27   86   37   43    0    2   94   69   47   89   55   83   41   30    0   64    0    0    0   74   42    0    0   92   12    0   90   11   54   29   29   73   61   83   13
   50   90   79    0    0   45   50    0    0   54   76   96    2   49   54   99   33   73   71    7    0   85   30   20    0   96    0   88   73   86    0    0   83   63   79    0   13   11   97   98    3    0   66   22   47
    8   51    8   57   43    0   48    0    0    0    3   50   33    0    0   11   43   96   92    0   77    0   92   45   28   24    0    0   41    2   86   75    0    8    1    4   39   71   59   86   85    0   94    0    0
   71   57   31   75    0   87   55   54    0    0   89    0   46   58   98   88    0   81   17   28   60   82   80   82   78   48   57   80  100   29    0   26   99   16    7    0   64   58   86    0   42   47   97   59   19
    3   57    0    0    0   37   27   76    3   89    0    0   67    0   39   40    0   32   69   51    0   44   39   50    0   47    0    0   37   62    0   96    0    0    0    0    0   82   79   22    0   77    0   62    0
    0    0    0   43    0    0   86   96   50    0    0    0   45   86   89   93    0   98   74   42   63   76    7   69    0    0   18    6   22    0    0   22   19    0    0   66   64    0   76    8   13   45   74   83   34
   61   35   77    6    0    0   37    2   33   46   67   45    0    7   77    0   70   46    9   22    0    0   26   88   74    0   55   62    0   38   34   71    6    0   23    1   15    0    0   12   96   84    6    0   92
   47   60  100   40    3    0   43   49    0   58    0   86    7    0   34    0    0   74   49   55   65   57   89   95    0   72   49   94    0   17    0   91   69   28    0    0   64   50   63   57   31    0    0    2   82
    0   43   10    4   89    3    0   54    0   98   39   89   77   34    0   35   94   14   65   76   42   40   65   20    0    0    0   18   98   49   12   40   53    0    0   20    0   92    5   73   10   98   93    6    2
    0    0    0   15   24    0    2   99   11   88   40   93    0    0   35    0   48   50   21    0    0    0   41    0   75   82    0   75   11   39    0   73   26   68   26   42    0   24   13    0   72    0    3   81   72
    0   28   59   11   70   85   94   33   43    0    0    0   70    0   94   48    0   74   38   26   44   99    0    0   98   65   31   11   47   51   22   19    0   22   43   16    0   12   72   13    0    0   41   85   56
    2    0   18   96   16   24   69   73   96   81   32   98   46   74   14   50   74    0   84   74   76    0   32    0   58   45   82   46    0   89   16   82   40   98    0    0   25    0   54   31    0   64   86   92    0
   78   61   27    7   39    0   47   71   92   17   69   74    9   49   65   21   38   84    0   53   97   40   28    0   98   26   35   23   38    0   99   44   56    6   29    0   37   41   73   69    7   50   98   29   50
   21    0   56   18    0    0   89    7    0   28   51   42   22   55   76    0   26   74   53    0   62    0    0   58    0   14   31    0   45   63   30    0   79    0   43    0   28    0   21   45    0    0   47   43   58
   91   22   34    0   32   79   55    0   77   60    0   63    0   65   42    0   44   76   97   62    0    4   45   37   40   43   14    0   44   32   94    0   50   87   16   81   68   50   69   36   73    0   63    3    0
    0   95    0   99   63   62   83   85    0   82   44   76    0   57   40    0   99    0   40    0    4    0    0    0    0   59   56   26   66   19   26    9    0   17   69   87    0    7   89   55   47   67   30   69   74
   70  100   32   13   65   92   41   30   92   80   39    7   26   89   65   41    0   32   28    0   45    0    0   13    8   67    0    0   77    0   16   68    0   45   53    0   32   65   29    0    0    0   88   90    0
   41    4   11   54    0   80   30   20   45   82   50   69   88   95   20    0    0    0    0   58   37    0   13    0   45   20   61   71    0   71   64   17   56   28   19   42   74   27   60   51   61   90    0   82   12
    0   35   56    5   59    0    0    0   28   78    0    0   74    0    0   75   98   58   98    0   40    0    8   45    0   49   42    0   46   76    0   54    6   39    0   39    5    0   32   50    0   51    0   91   76
   32    0   28   55   58    9   64   96   24   48   47    0    0   72    0   82   65   45   26   14   43   59   67   20   49    0    0   10    0   17   39   92   84   16    1   49    4   26   68   37   25   11   51   88    0
   76   55    5   78   12   43    0    0    0   57    0   18   55   49    0    0   31   82   35   31   14   56    0   61   42    0    0    6   45    4    2   57   41   36   65   81   35   58   62    0   47   10    0    0    0
    0   65   63   40    0   77    0   88    0   80    0    6   62   94   18   75   11   46   23    0    0   26    0   71    0   10    6    0   61   50   31    0   65    0   56    0   29   60    0   30   13   62    0   45   54
   34   75   75   29   99   20    0   73   41  100   37   22    0    0   98   11   47    0   38   45   44   66   77    0   46    0   45   61    0    0   94   45   92   90   96    0   54   56   84   64   17   11   95    7   12
   79    0   59   42   52   20   74   86    2   29   62    0   38   17   49   39   51   89    0   63   32   19    0   71   76   17    4   50    0    0   40   95   17    0   92    0    0    0    0   27   26   37   51   54   85
   96   53   60   80    0    0   42    0   86    0    0    0   34    0   12    0   22   16   99   30   94   26   16   64    0   39    2   31   94   40    0    0   56   45   17   36   20   83   53   42   77    5   55    0   94
   68   24   96   14   48   62    0    0   75   26   96   22   71   91   40   73   19   82   44    0    0    9   68   17   54   92   57    0   45   95    0    0    0   22   25   63    0    0   98   90   87  100   64   19    0
    0   82   40    0   12   16    0   83    0   99    0   19    6   69   53   26    0   40   56   79   50    0    0   56    6   84   41   65   92   17   56    0    0    0   98   26   51   57   45   80    6   44   97   83   75
    0   97   53   30   45   41   92   63    8   16    0    0    0   28    0   68   22   98    6    0   87   17   45   28   39   16   36    0   90    0   45   22    0    0   50   99  100   93   19   55   47   57   15    0    0
   19   54   19   73   83   47   12   79    1    7    0    0   23    0    0   26   43    0   29   43   16   69   53   19    0    1   65   56   96   92   17   25   98   50    0   16    5   68   12   27   78   81   59   89   22
   78   36   86   38   28    0    0    0    4    0    0   66    1    0   20   42   16    0    0    0   81   87    0   42   39   49   81    0    0    0   36   63   26   99   16    0    0   76    0    0   99   31   37    0   43
   84   96    0   63   28   54   90   13   39   64    0   64   15   64    0    0    0   25   37   28   68    0   32   74    5    4   35   29   54    0   20    0   51  100    5    0    0   42   99   29    0   51    0    0    6
   29    0   92    0    0   29   11   11   71   58   82    0    0   50   92   24   12    0   41    0   50    7   65   27    0   26   58   60   56    0   83    0   57   93   68   76   42    0   26    0   67    0   40   28   97
    0   18    0   83   37    9   54   97   59   86   79   76    0   63    5   13   72   54   73   21   69   89   29   60   32   68   62    0   84    0   53   98   45   19   12    0   99   26    0    0   65    0   88   97   43
    0   31   83    0   55   46   29   98   86    0   22    8   12   57   73    0   13   31   69   45   36   55    0   51   50   37    0   30   64   27   42   90   80   55   27    0   29    0    0    0   50   80   48  100   37
   76   14   11   75   51   40   29    3   85   42    0   13   96   31   10   72    0    0    7    0   73   47    0   61    0   25   47   13   17   26   77   87    6   47   78   99    0   67   65   50    0    0   50   36   71
   58   48   27  100   31    0   73    0    0   47   77   45   84    0   98    0    0   64   50    0    0   67    0   90   51   11   10   62   11   37    5  100   44   57   81   31   51    0    0   80    0    0   69    0   53
   70    0   66   12    3    0   61   66   94   97    0   74    6    0   93    3   41   86   98   47   63   30   88    0    0   51    0    0   95   51   55   64   97   15   59   37    0   40   88   48   50   69    0    8   14
   43    4    4   16   44    0   83   22    0   59   62   83    0    2    6   81   85   92   29   43    3   69   90   82   91   88    0   45    7   54    0   19   83    0   89    0    0   28   97  100   36    0    8    0   68
   41    0   61   72   50   54   13   47    0   19    0   34   92   82    2   72   56    0   50   58    0   74    0   12   76    0    0   54   12   85   94    0   75    0   22   43    6   97   43   37   71   53   14   68    0
