QBPP_HJ*_25_050_06_3
25 241 1
13 4 47 24 36 48 42 8 26 43 46 16 24 39 36 48 30 37 46 19 5 40 16 9 21
    0    0   30    0    0   33  -32   10    0    0    0   -1    8  -26   29  -10    6   -3  -44   14   28   21    0    0    0
    0    0    0   12   39   -8   16  -21    3    0    0    0    0    8  -48   13  -15  -44    0    0    6   31   34  -26    0
   30    0    0    0   47    0   21    0   28  -44   -3    0   27    0   15  -41  -29    0    0   31    0    0    0    0  -13
    0   12    0    0   32   39    0  -10    0    0    0   32    0    0   30    0  -37  -23    0    1   45   22    0    0    0
    0   39   47   32    0   18  -12    0    6    0  -41   16  -44    0    0  -17   29    0    0    0    0    0    0    0    0
   33   -8    0   39   18    0    0  -12   44   47  -15   -7  -48    0  -10    0   31    0    0    0    0    0  -39   36   29
  -32   16   21    0  -12    0    0   -6    0    0  -32    0    0    0  -17   42    0    0   10   -4    0    0  -11  -44    0
   10  -21    0  -10    0  -12   -6    0    0    0   10    0   31    0    0    0    0    0   19    0  -34    0  -49   47  -39
    0    3   28    0    6   44    0    0    0   36    0    0   28    0    0    0   -9  -35  -17    0    0  -40  -13  -39   39
    0    0  -44    0    0   47    0    0   36    0    0    0   28    0    0   25    0    0    0    0    0    9   -5   -4   30
    0    0   -3    0  -41  -15  -32   10    0    0    0    0    0    0    0    0    0   -5    0  -50    0  -41    1  -36   17
   -1    0    0   32   16   -7    0    0    0    0    0    0  -14    0    0  -32    0    0    0  -40    0    0   40    0    0
    8    0   27    0  -44  -48    0   31   28   28    0  -14    0   43    0    0   -4    0    8    0    0    0    0  -11    0
  -26    8    0    0    0    0    0    0    0    0    0    0   43    0   37    0    0    0  -23  -16    0    0   14    0  -21
   29  -48   15   30    0  -10  -17    0    0    0    0    0    0   37    0    0   10    0   40    0  -28   28    0    0    0
  -10   13  -41    0  -17    0   42    0    0   25    0  -32    0    0    0    0    0  -39    0    0    0  -49    0  -34   -9
    6  -15  -29  -37   29   31    0    0   -9    0    0    0   -4    0   10    0    0  -36   32    0    0  -16   33    0    0
   -3  -44    0  -23    0    0    0    0  -35    0   -5    0    0    0    0  -39  -36    0    0    0   12   31   50    0    0
  -44    0    0    0    0    0   10   19  -17    0    0    0    8  -23   40    0   32    0    0    0    3  -32    0  -31  -44
   14    0   31    1    0    0   -4    0    0    0  -50  -40    0  -16    0    0    0    0    0    0  -42    0   35    0    0
   28    6    0   45    0    0    0  -34    0    0    0    0    0    0  -28    0    0   12    3  -42    0   35    0  -31   44
   21   31    0   22    0    0    0    0  -40    9  -41    0    0    0   28  -49  -16   31  -32    0   35    0    3  -10    0
    0   34    0    0    0  -39  -11  -49  -13   -5    1   40    0   14    0    0   33   50    0   35    0    3    0    0  -19
    0  -26    0    0    0   36  -44   47  -39   -4  -36    0  -11    0    0  -34    0    0  -31    0  -31  -10    0    0    0
    0    0  -13    0    0   29    0  -39   39   30   17    0    0  -21    0   -9    0    0  -44    0   44    0  -19    0    0
