QBPP_HJ-_45_075_10_3
45 244 859
13 48 9 35 48 29 23 5 25 38 8 36 41 33 33 9 24 30 33 19 45 30 27 46 28 50 28 36 10 8 25 31 45 17 44 13 1 6 40 11 28 10 44 23 31
     0     0   -35   -67   -99     0     0   -32   -15     0   -60    -2   -17     0   -83    -3    -9   -97   -65   -14   -39   -76   -57     0   -98     0   -86   -42   -85   -47     0     0     0   -23   -25   -56   -13   -77   -80     0   -68   -22   -26   -77     0
     0     0     0   -50   -52    -7   -45   -61   -27   -34    -3   -10   -49   -56   -90   -51     0   -30   -89   -87     0   -36   -65   -50   -27    -2   -45     0   -14   -65     0   -37   -19   -58   -74     0   -46    -2  -100     0   -44    -4   -96    -7   -58
   -35     0     0    -1   -91     0     0   -51     0   -89    -8   -80   -82   -43   -65   -94     0   -58     0   -89     0    -6   -56   -48     0   -89   -68   -20   -24     0   -13   -54   -22   -76   -84     0   -34   -76   -30   -28   -89   -93   -81   -35   -59
   -67   -50    -1     0    -7     0   -72   -97   -67   -42   -41   -83   -12   -18     0   -62   -66   -18   -76   -76   -85     0   -78   -76   -34  -100   -47     0   -44   -51   -16   -72   -52   -38   -37   -99   -24   -22   -44   -32   -21   -59     0   -32     0
   -99   -52   -91    -7     0   -84   -54   -58   -50   -60     0   -29     0   -35   -40     0     0    -7     0   -52   -25   -28    -1    -2   -61   -61   -50   -11   -97     0   -10   -70   -79   -53   -63   -97   -58   -10   -21   -91   -69   -46     0  -100    -4
     0    -7     0     0   -84     0   -77     0   -26   -90   -67     0   -86   -46   -68   -77   -29    -9    -7   -75   -62   -50    -2   -20   -62     0   -91   -71   -16   -95     0   -73   -80   -82     0   -98     0     0   -78     0   -66   -14     0     0     0
     0   -45     0   -72   -54   -77     0   -86   -35   -88   -81   -67     0   -98   -51   -13    -7   -10     0   -67   -21   -11   -64    -7    -3   -53   -40   -43     0   -69   -90   -11   -96   -66     0   -19   -19   -56   -43   -80   -22    -9   -13   -22     0
   -32   -61   -51   -97   -58     0   -86     0   -73     0   -19   -68   -29     0   -37     0   -31   -17   -52   -93   -55   -81   -31   -71     0     0   -79   -44   -96   -66   -17   -94     0     0   -66   -54     0   -44   -32  -100   -40   -72   -51   -95   -59
   -15   -27     0   -67   -50   -26   -35   -73     0   -14   -57     0   -81   -90   -95   -59     0    -9   -71   -22    -1     0   -39   -70   -48   -77   -46   -28   -55   -54   -13   -19     0    -9   -26   -15     0   -81   -61     0    -1   -80   -33   -98   -81
     0   -34   -89   -42   -60   -90   -88     0   -14     0     0   -60     0     0   -42   -35     0     0   -72    -6   -84   -69   -20   -51   -74   -69   -63   -25     0   -71   -17   -94   -22   -58   -91   -30   -15   -89     0   -20   -39     0   -63   -45   -89
   -60    -3    -8   -41     0   -67   -81   -19   -57     0     0   -28   -75   -36   -37   -95   -59   -63     0   -92     0   -99   -37   -37    -8   -11   -53     0    -3   -67   -45   -86   -39   -74   -35   -78   -96   -48   -89   -20     0     0   -66     0   -82
    -2   -10   -80   -83   -29     0   -67   -68     0   -60   -28     0   -56     0     0     0   -95   -81   -95    -4     0   -82   -37   -64    -1   -35     0     0   -93   -62   -86   -28     0   -82   -60   -79   -45  -100   -37   -51     0     0   -93   -37   -83
   -17   -49   -82   -12     0   -86     0   -29   -81     0   -75   -56     0     0     0     0   -37    -3   -40   -48     0     0   -99    -3   -15    -8   -88    -8     0     0   -21   -27   -31   -58   -18   -20   -96   -63   -13   -90   -61  -100     0   -61   -95
     0   -56   -43   -18   -35   -46   -98     0   -90     0   -36     0     0     0     0   -24   -17   -73     0   -47    -7   -76     0   -29     0     0     0   -30     0   -66   -68     0     0   -42     0   -94   -89   -84   -55   -97     0    -8   -31   -97   -15
   -83   -90   -65     0   -40   -68   -51   -37   -95   -42   -37     0     0     0     0     0   -69     0   -78   -56   -24   -57    -5   -30   -97     0    -8     0   -87   -14     0     0   -86   -81     0   -44   -18     0   -57     0   -42   -67  -100     0   -15
    -3   -51   -94   -62     0   -77   -13     0   -59   -35   -95     0     0   -24     0     0   -77   -81   -55     0   -85   -46     0   -49    -5   -29   -36   -73   -36     0    -3     0   -63     0   -41     0   -98   -31     0     0   -40   -65   -43     0   -82
    -9     0     0   -66     0   -29    -7   -31     0     0   -59   -95   -37   -17   -69   -77     0   -52   -81     0     0   -79   -97   -54   -76   -63   -39   -14   -35     0     0     0   -91   -13     0   -15   -37   -75   -12   -93   -90   -54    -9    -9   -59
   -97   -30   -58   -18    -7    -9   -10   -17    -9     0   -63   -81    -3   -73     0   -81   -52     0   -95   -41   -50   -51    -3     0   -98   -95   -61     0     0     0   -51   -50   -78    -3     0   -19   -26    -6   -79   -27   -72   -55   -14   -91   -97
   -65   -89     0   -76     0    -7     0   -52   -71   -72     0   -95   -40     0   -78   -55   -81   -95     0     0    -1   -93     0   -45   -93     0   -26   -11   -30     0   -59   -26     0    -6   -11     0   -98   -98   -85   -78   -29   -44   -27    -2     0
   -14   -87   -89   -76   -52   -75   -67   -93   -22    -6   -92    -4   -48   -47   -56     0     0   -41     0     0   -45   -98   -15   -15   -68   -50     0   -14     0   -78   -98   -95     0   -48   -61   -23   -14   -23   -60   -53   -42   -29   -47   -36   -29
   -39     0     0   -85   -25   -62   -21   -55    -1   -84     0     0     0    -7   -24   -85     0   -50    -1   -45     0   -16    -3   -57     0   -96   -26   -91    -2   -63   -86   -68   -20   -43     0   -96   -12   -53   -97   -17   -26   -16   -81    -8   -36
   -76   -36    -6     0   -28   -50   -11   -81     0   -69   -99   -82     0   -76   -57   -46   -79   -51   -93   -98   -16     0     0   -84   -85   -79   -18   -46   -64   -61   -18   -38     0   -89   -10   -31   -58   -30   -88   -77     0     0     0     0   -76
   -57   -65   -56   -78    -1    -2   -64   -31   -39   -20   -37   -37   -99     0    -5     0   -97    -3     0   -15    -3     0     0   -66   -22   -62     0     0     0   -33   -96   -46   -34   -37   -86    -7   -19     0   -23   -60   -57   -38   -38   -56   -91
     0   -50   -48   -76    -2   -20    -7   -71   -70   -51   -37   -64    -3   -29   -30   -49   -54     0   -45   -15   -57   -84   -66     0    -4    -3   -79   -97    -7   -31     0   -62     0    -6     0     0   -54   -54     0     0   -66     0   -80    -4     0
   -98   -27     0   -34   -61   -62    -3     0   -48   -74    -8    -1   -15     0   -97    -5   -76   -98   -93   -68     0   -85   -22    -4     0   -67   -10     0     0     0     0     0   -41   -88     0   -32   -90   -73   -87   -21     0   -63     0     0   -55
     0    -2   -89  -100   -61     0   -53     0   -77   -69   -11   -35    -8     0     0   -29   -63   -95     0   -50   -96   -79   -62    -3   -67     0   -69     0   -81   -18     0   -92   -13   -38   -52   -95   -86   -75     0     0   -61   -89   -47   -67   -39
   -86   -45   -68   -47   -50   -91   -40   -79   -46   -63   -53     0   -88     0    -8   -36   -39   -61   -26     0   -26   -18     0   -79   -10   -69     0  -100   -31   -57   -12   -71   -17     0     0   -60     0   -16    -2   -11   -97    -8     0   -57   -80
   -42     0   -20     0   -11   -71   -43   -44   -28   -25     0     0    -8   -30     0   -73   -14     0   -11   -14   -91   -46     0   -97     0     0  -100     0     0   -79   -44   -10     0   -10   -85   -39   -26     0   -55    -3     0   -95   -41   -33   -86
   -85   -14   -24   -44   -97   -16     0   -96   -55     0    -3   -93     0     0   -87   -36   -35     0   -30     0    -2   -64     0    -7     0   -81   -31     0     0     0   -16   -63     0   -83   -27   -70   -12   -93   -81   -41   -27   -55   -76     0     0
   -47   -65     0   -51     0   -95   -69   -66   -54   -71   -67   -62     0   -66   -14     0     0     0     0   -78   -63   -61   -33   -31     0   -18   -57   -79     0     0   -86   -30   -56     0   -15   -96     0    -3    -1   -75   -70     0     0   -37   -25
     0     0   -13   -16   -10     0   -90   -17   -13   -17   -45   -86   -21   -68     0    -3     0   -51   -59   -98   -86   -18   -96     0     0     0   -12   -44   -16   -86     0     0     0     0     0   -46     0   -71   -23     0     0   -98   -32   -42   -11
     0   -37   -54   -72   -70   -73   -11   -94   -19   -94   -86   -28   -27     0     0     0     0   -50   -26   -95   -68   -38   -46   -62     0   -92   -71   -10   -63   -30     0     0   -25    -2   -53   -52   -96     0   -30   -83   -42   -84    -9     0   -51
     0   -19   -22   -52   -79   -80   -96     0     0   -22   -39     0   -31     0   -86   -63   -91   -78     0     0   -20     0   -34     0   -41   -13   -17     0     0   -56     0   -25     0   -72   -94   -45     0   -18   -41   -90   -78   -16   -52   -90   -54
   -23   -58   -76   -38   -53   -82   -66     0    -9   -58   -74   -82   -58   -42   -81     0   -13    -3    -6   -48   -43   -89   -37    -6   -88   -38     0   -10   -83     0     0    -2   -72     0     0   -11     0   -12   -33   -90   -32   -14   -20   -36     0
   -25   -74   -84   -37   -63     0     0   -66   -26   -91   -35   -60   -18     0     0   -41     0     0   -11   -61     0   -10   -86     0     0   -52     0   -85   -27   -15     0   -53   -94     0     0    -9   -13   -20   -95     0   -49   -87   -42   -87     0
   -56     0     0   -99   -97   -98   -19   -54   -15   -30   -78   -79   -20   -94   -44     0   -15   -19     0   -23   -96   -31    -7     0   -32   -95   -60   -39   -70   -96   -46   -52   -45   -11    -9     0     0   -76     0    -3   -88   -75     0   -96   -87
   -13   -46   -34   -24   -58     0   -19     0     0   -15   -96   -45   -96   -89   -18   -98   -37   -26   -98   -14   -12   -58   -19   -54   -90   -86     0   -26   -12     0     0   -96     0     0   -13     0     0   -50   -25   -75   -92     0   -65     0   -33
   -77    -2   -76   -22   -10     0   -56   -44   -81   -89   -48  -100   -63   -84     0   -31   -75    -6   -98   -23   -53   -30     0   -54   -73   -75   -16     0   -93    -3   -71     0   -18   -12   -20   -76   -50     0   -86     0   -41   -65   -35   -20   -11
   -80  -100   -30   -44   -21   -78   -43   -32   -61     0   -89   -37   -13   -55   -57     0   -12   -79   -85   -60   -97   -88   -23     0   -87     0    -2   -55   -81    -1   -23   -30   -41   -33   -95     0   -25   -86     0     0     0     0    -5    -1   -44
     0     0   -28   -32   -91     0   -80  -100     0   -20   -20   -51   -90   -97     0     0   -93   -27   -78   -53   -17   -77   -60     0   -21     0   -11    -3   -41   -75     0   -83   -90   -90     0    -3   -75     0     0     0   -68   -51   -37   -68   -66
   -68   -44   -89   -21   -69   -66   -22   -40    -1   -39     0     0   -61     0   -42   -40   -90   -72   -29   -42   -26     0   -57   -66     0   -61   -97     0   -27   -70     0   -42   -78   -32   -49   -88   -92   -41     0   -68     0     0     0   -47   -73
   -22    -4   -93   -59   -46   -14    -9   -72   -80     0     0     0  -100    -8   -67   -65   -54   -55   -44   -29   -16     0   -38     0   -63   -89    -8   -95   -55     0   -98   -84   -16   -14   -87   -75     0   -65     0   -51     0     0   -16    -5   -33
   -26   -96   -81     0     0     0   -13   -51   -33   -63   -66   -93     0   -31  -100   -43    -9   -14   -27   -47   -81     0   -38   -80     0   -47     0   -41   -76     0   -32    -9   -52   -20   -42     0   -65   -35    -5   -37     0   -16     0   -70   -99
   -77    -7   -35   -32  -100     0   -22   -95   -98   -45     0   -37   -61   -97     0     0    -9   -91    -2   -36    -8     0   -56    -4     0   -67   -57   -33     0   -37   -42     0   -90   -36   -87   -96     0   -20    -1   -68   -47    -5   -70     0    -5
     0   -58   -59     0    -4     0     0   -59   -81   -89   -82   -83   -95   -15   -15   -82   -59   -97     0   -29   -36   -76   -91     0   -55   -39   -80   -86     0   -25   -11   -51   -54     0     0   -87   -33   -11   -44   -66   -73   -33   -99    -5     0
