QBPP_HJ*_40_050_06_5
40 339 1
15 3 16 40 15 37 7 34 42 46 13 25 45 16 9 6 40 11 22 20 49 30 20 16 45 39 40 14 32 24 33 35 16 18 13 15 26 41 4 43
    0   47   44   40    0    0   19  -31   39    0   16   11   -6    0  -36    0    0  -14  -47    0    0   -6  -34   32   20    0    0    0   39   14   35   33  -11    0    0    0    0    0    0    0
   47    0    0    0   13    0    0   22    5  -18    0    0    0    0  -45    0    0    0    2    0   43    0    0    0   39    0    0    0  -39    0   27    0    0    0   49    0    0    0   19   32
   44    0    0   -9    4    0  -48    0    0    0   35    0    2    0  -44    0    0   44    0    0    0    0    0    0    0  -44    7    0   26    0    0    0    0   -8    0  -24  -49    0    0   11
   40    0   -9    0   20    0  -44    0    0   45    0   41    0   -1    0    0    0    0   26    0  -36    0    0    0  -34    0  -42   29  -12    0  -43  -40    0  -50    0   -4  -17  -36  -48   25
    0   13    4   20    0    0   12   30   46  -35    0  -41    0   49  -16    0    0   21    0   27    0    0   29    0  -38    0    0  -30    0   15  -48    0   50   46   31    0    0   12  -44    0
    0    0    0    0    0    0  -39  -16    0   46   17    0   15    0   25    0    0  -36    0    0   26    0    0  -38    0    0  -39   40  -19    0    0   47    0    0  -19    0  -28   42    5    0
   19    0  -48  -44   12  -39    0    9   24    0  -21    0   22    0    0    0    0    0    0    0    0    0    0    0   -9  -34    0    0    0    0   40   21    0    0    0   13  -26   32    4  -29
  -31   22    0    0   30  -16    9    0    0   42   14    0   26  -32   15  -11  -34    0    0    0  -23    0  -49   -9    0    0   40    0    0    0   10    0  -44    0    0   27    0  -34  -35    0
   39    5    0    0   46    0   24    0    0    0    0    0    0    8    0    0   -7    0    0    0    0   48    0    0    0    0   42   43   15    0  -29    0    0    0    0    0   12    0  -13    0
    0  -18    0   45  -35   46    0   42    0    0   32   38    0    0    0    0    1    0    0    0   35   50    0    0    0    0    9    8    0    0  -44   50    0   36  -49    0    0  -30  -39    0
   16    0   35    0    0   17  -21   14    0   32    0    0    0    0  -41   -2    0  -13  -44   -3  -38  -29    0  -21    0    0   11   43  -47    0  -46    0    1  -37   23   -6   -2  -30    0  -26
   11    0    0   41  -41    0    0    0    0   38    0    0  -43  -48    0   19   13    0    0   29   13    5    0    0   -1   13   46    0   38  -29    0  -24    0    0    0   47    0    0    0   21
   -6    0    2    0    0   15   22   26    0    0    0  -43    0   26  -44  -49  -48    0   -7    0    0   38    0    0  -31  -13    0  -44  -27    0    0   -3    0  -47    0    0   36  -11    0    0
    0    0    0   -1   49    0    0  -32    8    0    0  -48   26    0    0  -36    0    0    8   35    0   46    0    0    0  -12    0    0    1    0    0   39    0  -16    0    0    0    0   34    0
  -36  -45  -44    0  -16   25    0   15    0    0  -41    0  -44    0    0    0  -34  -29    3    7    0   10    0    0  -17   20    0    0    0    0    0    0    0    0   17   40  -41   22  -32   41
    0    0    0    0    0    0    0  -11    0    0   -2   19  -49  -36    0    0    0  -16    0    5    0  -31  -15    0    0   -3    0    0    0    0    0    0    0    0    0  -25   29  -25    0  -20
    0    0    0    0    0    0    0  -34   -7    1    0   13  -48    0  -34    0    0    0   23    0    9    0  -42    0   37  -24    0    0  -20    0  -46   18    0    0    0  -35    0    0    6    0
  -14    0   44    0   21  -36    0    0    0    0  -13    0    0    0  -29  -16    0    0    0    0   14    0  -32  -22    0    0  -43  -22    0   35  -12   34    0    0    0   22    0    0    0    0
  -47    2    0   26    0    0    0    0    0    0  -44    0   -7    8    3    0   23    0    0  -24  -29    0    0    0  -13  -14  -39   24    0   36  -49   21   38    0    0    4   -4    0    0   17
    0    0    0    0   27    0    0    0    0    0   -3   29    0   35    7    5    0    0  -24    0    0    0  -16  -37    0    0  -33  -38   39  -30    0    0    0    0  -29    0  -33   49  -30    0
    0   43    0  -36    0   26    0  -23    0   35  -38   13    0    0    0    0    9   14  -29    0    0   50  -15  -21    0    0    0    0    0   11  -12    0    0  -18    0    0    0   50  -42    0
   -6    0    0    0    0    0    0    0   48   50  -29    5   38   46   10  -31    0    0    0    0   50    0    0  -30    1   49  -40   22    5    0    0   19    0    0    0    0    0    0  -28    0
  -34    0    0    0   29    0    0  -49    0    0    0    0    0    0    0  -15  -42  -32    0  -16  -15    0    0  -15    0   33  -15   31  -28    0  -14    0   32    0    0    5    0   10   44    0
   32    0    0    0    0  -38    0   -9    0    0  -21    0    0    0    0    0    0  -22    0  -37  -21  -30  -15    0    0    0   17   13    0  -12   38    0    0   48   43   49    0    0   28   25
   20   39    0  -34  -38    0   -9    0    0    0    0   -1  -31    0  -17    0   37    0  -13    0    0    1    0    0    0   -2    0    0   36  -42   14   22   38    0    0    0  -48  -13  -41   26
    0    0  -44    0    0    0  -34    0    0    0    0   13  -13  -12   20   -3  -24    0  -14    0    0   49   33    0   -2    0    0   20    0    0    0    0  -20  -42  -25    0   -3    0  -32    0
    0    0    7  -42    0  -39    0   40   42    9   11   46    0    0    0    0    0  -43  -39  -33    0  -40  -15   17    0    0    0  -48   16   -4    0    0   28    0    0   43    0    0    0   49
    0    0    0   29  -30   40    0    0   43    8   43    0  -44    0    0    0    0  -22   24  -38    0   22   31   13    0   20  -48    0    0    0    0   27    8    9    0   20  -39    0  -17    0
   39  -39   26  -12    0  -19    0    0   15    0  -47   38  -27    1    0    0  -20    0    0   39    0    5  -28    0   36    0   16    0    0   11   13   29    0    0   -6    0    0    8    0  -48
   14    0    0    0   15    0    0    0    0    0    0  -29    0    0    0    0    0   35   36  -30   11    0    0  -12  -42    0   -4    0   11    0   27    0   48   32   27  -20    0   -3    0    0
   35   27    0  -43  -48    0   40   10  -29  -44  -46    0    0    0    0    0  -46  -12  -49    0  -12    0  -14   38   14    0    0    0   13   27    0   16   42    0    0    0    0   50  -18   -5
   33    0    0  -40    0   47   21    0    0   50    0  -24   -3   39    0    0   18   34   21    0    0   19    0    0   22    0    0   27   29    0   16    0    0   -6   22    0    0   45  -11  -35
  -11    0    0    0   50    0    0  -44    0    0    1    0    0    0    0    0    0    0   38    0    0    0   32    0   38  -20   28    8    0   48   42    0    0  -15    0  -17    0   42   19   36
    0    0   -8  -50   46    0    0    0    0   36  -37    0  -47  -16    0    0    0    0    0    0  -18    0    0   48    0  -42    0    9    0   32    0   -6  -15    0    0    0    0    0    0    0
    0   49    0    0   31  -19    0    0    0  -49   23    0    0    0   17    0    0    0    0  -29    0    0    0   43    0  -25    0    0   -6   27    0   22    0    0    0    0  -30    0    0    0
    0    0  -24   -4    0    0   13   27    0    0   -6   47    0    0   40  -25  -35   22    4    0    0    0    5   49    0    0   43   20    0  -20    0    0  -17    0    0    0   21  -47    0    0
    0    0  -49  -17    0  -28  -26    0   12    0   -2    0   36    0  -41   29    0    0   -4  -33    0    0    0    0  -48   -3    0  -39    0    0    0    0    0    0  -30   21    0   37    0  -19
    0    0    0  -36   12   42   32  -34    0  -30  -30    0  -11    0   22  -25    0    0    0   49   50    0   10    0  -13    0    0    0    8   -3   50   45   42    0    0  -47   37    0    0  -48
    0   19    0  -48  -44    5    4  -35  -13  -39    0    0    0   34  -32    0    6    0    0  -30  -42  -28   44   28  -41  -32    0  -17    0    0  -18  -11   19    0    0    0    0    0    0    0
    0   32   11   25    0    0  -29    0    0    0  -26   21    0    0   41  -20    0    0   17    0    0    0    0   25   26    0   49    0  -48    0   -5  -35   36    0    0    0  -19  -48    0    0
