QBPP_HJ*_45_050_20_2
45 120 26
10 21 8 27 4 14 28 17 34 44 7 28 27 33 9 28 29 41 44 40 38 46 4 5 47 47 43 49 12 16 22 5 21 40 27 33 37 44 15 42 7 29 22 24 25
    0    0    0   14   23  -25    0    0    0  -35    0    0    0    0   16    0   44    0    0    0  -27   14    0    7    0  -26  -45    0    5   -4   -3    0    0    0   13  -16    0   34  -40    0  -17   13    0   16    0
    0    0    0    0  -34   14    0   10    0    0  -46   38  -20    0  -35    0    0   46   45    0   40  -25    0    0    0    0    0    0    0  -11    0    0  -39  -33  -28   49    0    0   33  -22   19   45    0    0  -43
    0    0    0   23  -45   20   22   44  -11    0    0  -18  -43    0   17   50   -5   -7  -34    0    0    0   31  -10    0    0    0    0   35   16    0    7  -14  -35   38    0    0   22   46    9    0    0   22   17    0
   14    0   23    0    0  -17  -15    0    0  -35    0  -49  -11    0  -40   36  -23   48   46  -45   43  -17  -12   47    0    0    2  -46    0   25    0    0   37    0    0    0   40   24    0   19   44   27    0    3  -40
   23  -34  -45    0    0    0    0    0    0   13   37  -22    0    0    0   27  -46    0  -32    0    0   18    0    0    0    0    0   -3    0    0   40    0   23   -6    0    0  -38    0  -16    0    0    0   42  -23    0
  -25   14   20  -17    0    0    0    0   43  -31    0   38    0    0  -19  -33    0    5    0   22   23   -4    0    0    0    0    0    0  -35   -3    0    0  -18    3   14   48    0    8    0    0    0   31    0    0    0
    0    0   22  -15    0    0    0  -34    0    0    0    0    0   -4  -39    0    0    0    0  -22    8  -20    0    0    0    0    0   33  -18    0   29  -20    0  -29   21    0  -37    0    0    0  -39    0   -1  -44   10
    0   10   44    0    0    0  -34    0    0  -20    0  -18    0  -31  -17    0    0   40    0  -48    0    0  -10   10    0   45   35   15  -38   -8    0   26   31    0  -16    0    0   47  -36  -17    0   32    0   49   26
    0    0  -11    0    0   43    0    0    0  -18    0    0    0    0    0   13  -31   -6  -39    0  -44    0    0   22    0  -32    0    0    0  -49    0   42    0   40  -26    0    0    0    0    0  -34    0   30    0   42
  -35    0    0  -35   13  -31    0  -20  -18    0    0   30  -43    0   38   -6  -23    0    0    0    0    0    0  -24    0   16    0    0    0    0  -48    0   40    0  -40    0    0  -37    0   16    0    0    0   48  -12
    0  -46    0    0   37    0    0    0    0    0    0   23   24    0   -9   42   11    0  -15   35    0    0    0  -13  -17   27    0  -14    0   18   23    0    0   43   22   44    0   44   44   -6    0   -1    7    4    0
    0   38  -18  -49  -22   38    0  -18    0   30   23    0    0   -1    0   13  -34    0   -7  -18  -47    0  -41    5   44  -50  -43    0   32    0    0    0   20    0  -47    0    0    6  -24   40    0    0    7    0    0
    0  -20  -43  -11    0    0    0    0    0  -43   24    0    0  -24    0   17    0    0    0   32    0   16  -39    6    0  -12   19   20    0    0   -3    0    0    0   27   34  -11  -16    0   27    0   41  -35    0   10
    0    0    0    0    0    0   -4  -31    0    0    0   -1  -24    0    0    0    0  -20    0  -48   12  -45    0    0    0    0    0  -47    0    0    0    0  -40  -25    0    0    1    0   20    0  -33   -8    0    0   21
   16  -35   17  -40    0  -19  -39  -17    0   38   -9    0    0    0    0    0   11   -5    0   42    0    0  -13    0    0    0   33  -36    0   29    0  -28   26    0   18    0   11  -11    0    7    0    0    0    0    0
    0    0   50   36   27  -33    0    0   13   -6   42   13   17    0    0    0  -34    0    0  -10  -25    0    7    0  -47    0  -44  -44    0    0    0  -25   30  -33    0   -1  -12    0    0    0   14   38   38   15    5
   44    0   -5  -23  -46    0    0    0  -31  -23   11  -34    0    0   11  -34    0  -28   10  -18    0    0    4    0  -21    0  -23    0    0   -7    0   47    0   16   22    0    0    0    0   12  -48    0    0  -24    0
    0   46   -7   48    0    5    0   40   -6    0    0    0    0  -20   -5    0  -28    0    0    0    0   23    0  -50    0    0   26    0  -40    0    0  -30   41   48  -22  -35  -34   -9    0   43  -31    0    0    0    0
    0   45  -34   46  -32    0    0    0  -39    0  -15   -7    0    0    0    0   10    0    0  -36   40    0    0    0  -21    0    0    0   29    0   14    0   -8    0    0   -6  -14  -45  -14   48   19    0   12    0   34
    0    0    0  -45    0   22  -22  -48    0    0   35  -18   32  -48   42  -10  -18    0  -36    0   11    0  -32    0    0    0    0   34    0   -4  -29    0  -41   11   50  -46   31  -10  -21    0  -50  -42  -50    0    0
  -27   40    0   43    0   23    8    0  -44    0    0  -47    0   12    0  -25    0    0   40   11    0    0   22    0    9   28   44    0  -15  -50  -26    0    0    0   17   10    0    0    0    0    0   50   48  -22  -24
   14  -25    0  -17   18   -4  -20    0    0    0    0    0   16  -45    0    0    0   23    0    0    0    0    0    0   -1  -30  -24   10   36    0    0    0  -48   30    0  -46  -42   40    0    6    0  -38   -8    0    0
    0    0   31  -12    0    0    0  -10    0    0    0  -41  -39    0  -13    7    4    0    0  -32   22    0    0    0   39  -30   44    0    0    0   24    7   19    0    0    0  -28    0    0    0   32    0    0   49    0
    7    0  -10   47    0    0    0   10   22  -24  -13    5    6    0    0    0    0  -50    0    0    0    0    0    0    2   19    0    0  -14  -30  -28    7    0  -22    0  -38   15  -37    0    0    0    0    0    0    0
    0    0    0    0    0    0    0    0    0    0  -17   44    0    0    0  -47  -21    0  -21    0    9   -1   39    2    0   40   28    0  -18    0   16    0    0   -9    0   -9    0    0    7    0    0    0   29    0    0
  -26    0    0    0    0    0    0   45  -32   16   27  -50  -12    0    0    0    0    0    0    0   28  -30  -30   19   40    0    0    0   35    0   -8    0    0    0    0    0    0   24  -45    0   34   12    0   37  -19
  -45    0    0    2    0    0    0   35    0    0    0  -43   19    0   33  -44  -23   26    0    0   44  -24   44    0   28    0    0    0    0    0    0    0    0    0  -45    0    0   22   -7   39   32  -41    0    0   46
    0    0    0  -46   -3    0   33   15    0    0  -14    0   20  -47  -36  -44    0    0    0   34    0   10    0    0    0    0    0    0    0   32    0    0    0    0   17   -4    0    0    0   45   49    0   39    0  -50
    5    0   35    0    0  -35  -18  -38    0    0    0   32    0    0    0    0    0  -40   29    0  -15   36    0  -14  -18   35    0    0    0    0    0  -38    0    0    0    6   -6   40  -49   40    4    0  -44    0    0
   -4  -11   16   25    0   -3    0   -8  -49    0   18    0    0    0   29    0   -7    0    0   -4  -50    0    0  -30    0    0    0   32    0    0   12    0    0    0   48   15   15   21    0    0  -23    0    0    3   42
   -3    0    0    0   40    0   29    0    0  -48   23    0   -3    0    0    0    0    0   14  -29  -26    0   24  -28   16   -8    0    0    0   12    0    0   47    0  -41   39   39   20    0   45   18    0   -8    0    0
    0    0    7    0    0    0  -20   26   42    0    0    0    0    0  -28  -25   47  -30    0    0    0    0    7    7    0    0    0    0  -38    0    0    0   25  -36    0    0  -11    0   26    0   -2    0    0    0   46
    0  -39  -14   37   23  -18    0   31    0   40    0   20    0  -40   26   30    0   41   -8  -41    0  -48   19    0    0    0    0    0    0    0   47   25    0    0  -11  -35  -31  -50    0    5    0    0   21    0    0
    0  -33  -35    0   -6    3  -29    0   40    0   43    0    0  -25    0  -33   16   48    0   11    0   30    0  -22   -9    0    0    0    0    0    0  -36    0    0   19    0  -41    0  -13    0    0    0    0  -33  -50
   13  -28   38    0    0   14   21  -16  -26  -40   22  -47   27    0   18    0   22  -22    0   50   17    0    0    0    0    0  -45   17    0   48  -41    0  -11   19    0  -29    0   30    0    0  -23   10    0  -24  -47
  -16   49    0    0    0   48    0    0    0    0   44    0   34    0    0   -1    0  -35   -6  -46   10  -46    0  -38   -9    0    0   -4    6   15   39    0  -35    0  -29    0  -19   26    0    0    0  -42    0  -11    0
    0    0    0   40  -38    0  -37    0    0    0    0    0  -11    1   11  -12    0  -34  -14   31    0  -42  -28   15    0    0    0    0   -6   15   39  -11  -31  -41    0  -19    0   30    0    0    0    2    5    9   29
   34    0   22   24    0    8    0   47    0  -37   44    6  -16    0  -11    0    0   -9  -45  -10    0   40    0  -37    0   24   22    0   40   21   20    0  -50    0   30   26   30    0  -16    0  -20    0    0  -41    0
  -40   33   46    0  -16    0    0  -36    0    0   44  -24    0   20    0    0    0    0  -14  -21    0    0    0    0    7  -45   -7    0  -49    0    0   26    0  -13    0    0    0  -16    0    0  -49    0   12   17   -6
    0  -22    9   19    0    0    0  -17    0   16   -6   40   27    0    7    0   12   43   48    0    0    6    0    0    0    0   39   45   40    0   45    0    5    0    0    0    0    0    0    0    1  -10   34   36    0
  -17   19    0   44    0    0  -39    0  -34    0    0    0    0  -33    0   14  -48  -31   19  -50    0    0   32    0    0   34   32   49    4  -23   18   -2    0    0  -23    0    0  -20  -49    1    0    0    0    0   32
   13   45    0   27    0   31    0   32    0    0   -1    0   41   -8    0   38    0    0    0  -42   50  -38    0    0    0   12  -41    0    0    0    0    0    0    0   10  -42    2    0    0  -10    0    0  -25  -21    0
    0    0   22    0   42    0   -1    0   30    0    7    7  -35    0    0   38    0    0   12  -50   48   -8    0    0   29    0    0   39  -44    0   -8    0   21    0    0    0    5    0   12   34    0  -25    0  -24   -9
   16    0   17    3  -23    0  -44   49    0   48    4    0    0    0    0   15  -24    0    0    0  -22    0   49    0    0   37    0    0    0    3    0    0    0  -33  -24  -11    9  -41   17   36    0  -21  -24    0    0
    0  -43    0  -40    0    0   10   26   42  -12    0    0   10   21    0    5    0    0   34    0  -24    0    0    0    0  -19   46  -50    0   42    0   46    0  -50  -47    0   29    0   -6    0   32    0   -9    0    0
