QBPP_HJ-_40_075_20_3
40 106 6281
48 23 42 32 37 12 42 26 12 20 30 42 16 10 6 2 35 44 37 6 50 38 16 38 22 30 3 8 49 40 40 26 45 1 19 4 50 1 17 34
     0     0   -56   -92   -41   -28   -47   -15    -4   -79     0   -91   -56     0   -80     0   -58     0   -72   -43     0     0     0   -84    -9   -57   -21   -72   -34   -57   -26   -25     0   -21   -35     0    -9     0   -72   -95
     0     0   -53   -14   -61   -79   -93   -84     0   -76   -62   -70   -45     0   -71   -17   -73   -72   -37   -30     0   -35   -61     0     0   -33    -9     0   -83   -32   -29     0   -78   -85     0     0   -20   -39   -78     0
   -56   -53     0   -77     0   -41   -88   -76   -58   -29   -85   -31     0   -60   -80     0     0     0   -79   -76   -13   -62     0   -47   -12     0     0   -39     0   -51   -44     0     0   -94   -44    -7   -46   -82    -3   -49
   -92   -14   -77     0     0   -51     0   -24     0     0   -82   -41     0   -93     0   -99  -100  -100   -67     0   -76   -58   -59    -5   -91   -94     0     0     0   -56     0   -10     0     0   -89   -37     0     0     0   -72
   -41   -61     0     0     0    -9     0   -91   -76   -75     0     0   -23   -51   -61   -16   -71   -51   -57   -22   -45     0   -75   -62    -3   -54     0     0     0     0   -36   -88   -68   -98   -80   -10   -11   -73   -41   -35
   -28   -79   -41   -51    -9     0   -55   -99   -67   -90   -89   -70   -15     0   -20    -8     0    -7   -10   -55   -65     0   -22   -68     0   -85   -23   -66     0   -20   -32   -81   -88   -60   -78   -94   -49   -78   -46   -65
   -47   -93   -88     0     0   -55     0   -14   -49   -80   -44   -65     0   -64   -44   -13   -12   -22     0     0     0    -2     0   -66     0     0   -88   -96     0   -81   -92   -85     0   -66   -23   -62   -85   -91   -42   -55
   -15   -84   -76   -24   -91   -99   -14     0     0   -71   -25   -28   -82   -20   -50   -95     0   -15   -21   -11   -64   -59   -12     0   -85   -47    -1   -35   -78   -55   -27   -87   -49   -26   -83   -86   -79   -79   -20     0
    -4     0   -58     0   -76   -67   -49     0     0     0     0     0   -68   -26   -65   -52    -8   -74   -32   -90   -23   -15   -18   -56   -99   -59     0   -96   -66   -50   -87   -31     0   -78   -19   -10     0   -98   -32   -47
   -79   -76   -29     0   -75   -90   -80   -71     0     0   -29   -76   -49    -4     0   -53   -68     0   -41   -28    -2     0     0   -75   -96   -77   -85   -84   -67   -59   -82   -83     0   -77   -60   -66     0   -58   -59     0
     0   -62   -85   -82     0   -89   -44   -25     0   -29     0   -18   -95   -55   -81   -61   -63   -58   -80   -34    -1   -87   -70   -76   -69     0     0     0    -9   -80   -83   -62   -72   -69  -100    -3   -29   -12   -92   -94
   -91   -70   -31   -41     0   -70   -65   -28     0   -76   -18     0   -14     0   -61   -58   -28   -71   -20   -66  -100   -60     0     0   -57     0     0     0   -41   -14    -4   -67    -3   -64   -38   -58   -14   -60   -22   -14
   -56   -45     0     0   -23   -15     0   -82   -68   -49   -95   -14     0   -98   -86     0   -96   -99   -54    -5   -19   -70  -100   -97   -70    -6   -49     0   -78   -75   -99   -17   -71   -69   -62   -29   -14   -82   -31   -97
     0     0   -60   -93   -51     0   -64   -20   -26    -4   -55     0   -98     0   -62     0     0     0   -59   -22   -48    -9   -68   -64   -65   -80     0   -42     0     0   -56   -14   -64   -62     0     0   -36   -92   -99   -29
   -80   -71   -80     0   -61   -20   -44   -50   -65     0   -81   -61   -86   -62     0   -91   -91     0   -65   -88   -79   -86   -18     0   -16    -6   -32   -59   -95   -34   -79     0   -82   -99     0   -16   -12   -16     0     0
     0   -17     0   -99   -16    -8   -13   -95   -52   -53   -61   -58     0     0   -91     0   -27  -100     0   -36     0   -99     0     0    -9   -94     0    -7   -62   -88   -41   -60     0     0   -86   -20   -25   -79   -65     0
   -58   -73     0  -100   -71     0   -12     0    -8   -68   -63   -28   -96     0   -91   -27     0     0   -11   -70   -29     0   -78     0   -29     0   -66   -39   -10    -5     0   -44   -73   -42   -88   -31   -78     0     0   -13
     0   -72     0  -100   -51    -7   -22   -15   -74     0   -58   -71   -99     0     0  -100     0     0   -59     0   -70   -40   -89   -76   -52     0   -59   -66   -75   -70   -88     0   -88     0   -66   -15   -17   -50   -99   -27
   -72   -37   -79   -67   -57   -10     0   -21   -32   -41   -80   -20   -54   -59   -65     0   -11   -59     0     0   -46     0   -10   -27   -22   -20     0   -55     0   -83   -44    -3   -86   -16   -57   -60   -30     0   -54    -5
   -43   -30   -76     0   -22   -55     0   -11   -90   -28   -34   -66    -5   -22   -88   -36   -70     0     0     0   -65   -37   -88   -16   -32   -43   -54     0     0     0   -78     0   -44     0   -60    -3     0   -42   -16   -64
     0     0   -13   -76   -45   -65     0   -64   -23    -2    -1  -100   -19   -48   -79     0   -29   -70   -46   -65     0   -38     0   -12   -72   -45   -22   -75     0   -89   -70     0   -42    -2     0   -34    -2   -43   -57   -26
     0   -35   -62   -58     0     0    -2   -59   -15     0   -87   -60   -70    -9   -86   -99     0   -40     0   -37   -38     0   -49   -64   -64   -97     0    -2   -86   -82   -96     0    -9     0   -62    -5     0   -27     0   -69
     0   -61     0   -59   -75   -22     0   -12   -18     0   -70     0  -100   -68   -18     0   -78   -89   -10   -88     0   -49     0    -1     0     0   -93    -2   -92   -43     0     0   -54   -84   -39   -45     0   -39   -93   -86
   -84     0   -47    -5   -62   -68   -66     0   -56   -75   -76     0   -97   -64     0     0     0   -76   -27   -16   -12   -64    -1     0   -72   -79   -74   -42   -71     0   -23   -72     0   -55   -83     0   -27   -92     0     0
    -9     0   -12   -91    -3     0     0   -85   -99   -96   -69   -57   -70   -65   -16    -9   -29   -52   -22   -32   -72   -64     0   -72     0     0   -98    -1   -88     0   -66   -95   -73   -39   -63   -52   -39   -14    -2   -88
   -57   -33     0   -94   -54   -85     0   -47   -59   -77     0     0    -6   -80    -6   -94     0     0   -20   -43   -45   -97     0   -79     0     0     0   -38   -31   -41   -27   -11   -55     0     0   -64     0   -73     0     0
   -21    -9     0     0     0   -23   -88    -1     0   -85     0     0   -49     0   -32     0   -66   -59     0   -54   -22     0   -93   -74   -98     0     0     0   -92   -67   -75   -90     0   -91     0   -21   -74     0     0   -48
   -72     0   -39     0     0   -66   -96   -35   -96   -84     0     0     0   -42   -59    -7   -39   -66   -55     0   -75    -2    -2   -42    -1   -38     0     0   -33   -65   -74     0     0     0   -19   -72   -37   -97   -95     0
   -34   -83     0     0     0     0     0   -78   -66   -67    -9   -41   -78     0   -95   -62   -10   -75     0     0     0   -86   -92   -71   -88   -31   -92   -33     0     0   -80   -26   -53   -69   -87   -17   -32   -23   -45     0
   -57   -32   -51   -56     0   -20   -81   -55   -50   -59   -80   -14   -75     0   -34   -88    -5   -70   -83     0   -89   -82   -43     0     0   -41   -67   -65     0     0     0   -72   -70   -43   -16   -88   -54     0   -82   -33
   -26   -29   -44     0   -36   -32   -92   -27   -87   -82   -83    -4   -99   -56   -79   -41     0   -88   -44   -78   -70   -96     0   -23   -66   -27   -75   -74   -80     0     0   -28   -62   -27     0   -93   -84   -15   -93    -5
   -25     0     0   -10   -88   -81   -85   -87   -31   -83   -62   -67   -17   -14     0   -60   -44     0    -3     0     0     0     0   -72   -95   -11   -90     0   -26   -72   -28     0   -10   -51   -21   -62    -1     0   -75   -53
     0   -78     0     0   -68   -88     0   -49     0     0   -72    -3   -71   -64   -82     0   -73   -88   -86   -44   -42    -9   -54     0   -73   -55     0     0   -53   -70   -62   -10     0   -93     0    -9     0     0     0     0
   -21   -85   -94     0   -98   -60   -66   -26   -78   -77   -69   -64   -69   -62   -99     0   -42     0   -16     0    -2     0   -84   -55   -39     0   -91     0   -69   -43   -27   -51   -93     0    -1   -64   -97   -98   -58     0
   -35     0   -44   -89   -80   -78   -23   -83   -19   -60  -100   -38   -62     0     0   -86   -88   -66   -57   -60     0   -62   -39   -83   -63     0     0   -19   -87   -16     0   -21     0    -1     0     0     0   -46   -10   -53
     0     0    -7   -37   -10   -94   -62   -86   -10   -66    -3   -58   -29     0   -16   -20   -31   -15   -60    -3   -34    -5   -45     0   -52   -64   -21   -72   -17   -88   -93   -62    -9   -64     0     0   -58     0   -65   -13
    -9   -20   -46     0   -11   -49   -85   -79     0     0   -29   -14   -14   -36   -12   -25   -78   -17   -30     0    -2     0     0   -27   -39     0   -74   -37   -32   -54   -84    -1     0   -97     0   -58     0   -71   -81   -23
     0   -39   -82     0   -73   -78   -91   -79   -98   -58   -12   -60   -82   -92   -16   -79     0   -50     0   -42   -43   -27   -39   -92   -14   -73     0   -97   -23     0   -15     0     0   -98   -46     0   -71     0     0   -79
   -72   -78    -3     0   -41   -46   -42   -20   -32   -59   -92   -22   -31   -99     0   -65     0   -99   -54   -16   -57     0   -93     0    -2     0     0   -95   -45   -82   -93   -75     0   -58   -10   -65   -81     0     0   -70
   -95     0   -49   -72   -35   -65   -55     0   -47     0   -94   -14   -97   -29     0     0   -13   -27    -5   -64   -26   -69   -86     0   -88     0   -48     0     0   -33    -5   -53     0     0   -53   -13   -23   -79   -70     0
