QBPP_HJ+_35_050_06_5
35 295 124
10 11 22 13 47 6 50 37 2 28 18 49 19 16 50 28 18 2 45 36 42 6 33 17 29 18 41 26 26 10 27 18 26 26 31
    0   80    0   33   81   19   11   66    0   50    0   84    0    0   70    0    4   38   94    0   37   35    0   86    0   83    0   52   82   18   18   27   45    0   81
   80    0    7    0    0   77    0   19    0   81    0   41    0    3   98    7   66   93   51    0    0    0   71    0    0    0   45    0    0    0   24    0   10   90    0
    0    7    0    1    0    0    0    0   63    0   25    3   29    0   95    0   36   11   78    0   64   10    0    0   53    0    0    0    0   96    0   42   12    0   22
   33    0    1    0   10    0    0   62   63    0    0   20    0   43    0    0   28    0    0    0    0    0    0   85    0    0    0   46    0    0   63    0    0    0    0
   81    0    0   10    0    0    0    0   15   55    0    0    0    0    0   30   46    0   27    0    0   47   72    0    0    0    0    0    0    0    0    0    5    0   20
   19   77    0    0    0    0    0    2    0    0   72   64    9    0   36  100    0    0   84   36   55   15   89    0    0    0   43    1    0   12    0   70    0    0    0
   11    0    0    0    0    0    0    0    0    0    4   61   76    0    0    0   44    0  100    0    0   52    0   89    0   12   29   25    0    0   80    0    0    5   91
   66   19    0   62    0    2    0    0   23   60    0   86    0   42   17   75   30    0   56    0   38    0   91   83    0   70    0    0    0   59    0   15    0    0   58
    0    0   63   63   15    0    0   23    0    0   60    0    1   64   31    0   26    0    0    0   85    0    0    0   71    0    0    0   72   46    0   73   94   67   68
   50   81    0    0   55    0    0   60    0    0   91    0   95   66   46   77   92    7    0    0    0   11    0    0    7   28   78    0   12   82   91    0   10   26   25
    0    0   25    0    0   72    4    0   60   91    0    0   55    0   17    0   75   41    0    0   69   69   52    0    0   11    0    0   48   98    0   89    0   45    0
   84   41    3   20    0   64   61   86    0    0    0    0   86    0   15   81    0   93    0    0    0   21   20   26   61    0   71   42    0    0   68    0   36    1    5
    0    0   29    0    0    9   76    0    1   95   55   86    0    0   36    0    0    0   28    0    0    0    0    0    0    0    0    0    0   48    8   60    0   57    0
    0    3    0   43    0    0    0   42   64   66    0    0    0    0    0   93    8  100   72   75    0   34    0    0    0   97   70    0   26    0   30    0   31    0    0
   70   98   95    0    0   36    0   17   31   46   17   15   36    0    0    0    0   43    0    0    0    0   86    0    0    0   98   54    5   52   34    0    0    0    0
    0    7    0    0   30  100    0   75    0   77    0   81    0   93    0    0    0    0    0   66    0    0    0   48   94   45   71   84   97    4   76   29    0    0    0
    4   66   36   28   46    0   44   30   26   92   75    0    0    8    0    0    0   75   88    4   40   71    5   81   64    0    0    0   93    0    0    0   76    0    0
   38   93   11    0    0    0    0    0    0    7   41   93    0  100   43    0   75    0   96   85   78   78    0   13    0    0    0   66   75    0   56   80    0    0    0
   94   51   78    0   27   84  100   56    0    0    0    0   28   72    0    0   88   96    0   73    0    0    0   78   40    0    0    0    3    0   53   50   82   69   14
    0    0    0    0    0   36    0    0    0    0    0    0    0   75    0   66    4   85   73    0    0    0    0   51    0   45    0    0   48    0   33   70   54    0   25
   37    0   64    0    0   55    0   38   85    0   69    0    0    0    0    0   40   78    0    0    0    0   90   14    0   18    0   10   36    0    0    0    0    0    0
   35    0   10    0   47   15   52    0    0   11   69   21    0   34    0    0   71   78    0    0    0    0   19    0   49    0   64   91   19    0   50    0   43   83   10
    0   71    0    0   72   89    0   91    0    0   52   20    0    0   86    0    5    0    0    0   90   19    0    0    2    0    0    0   96   64   56   14   69    0   91
   86    0    0   85    0    0   89   83    0    0    0   26    0    0    0   48   81   13   78   51   14    0    0    0    0   72   18   32   95   97    0    0   59   97    0
    0    0   53    0    0    0    0    0   71    7    0   61    0    0    0   94   64    0   40    0    0   49    2    0    0   47    0    0    0    0   90   33   17    0    0
   83    0    0    0    0    0   12   70    0   28   11    0    0   97    0   45    0    0    0   45   18    0    0   72   47    0   78    0   56   89    0   70    0    0    0
    0   45    0    0    0   43   29    0    0   78    0   71    0   70   98   71    0    0    0    0    0   64    0   18    0   78    0   44    0    0   73   35    9    0   59
   52    0    0   46    0    1   25    0    0    0    0   42    0    0   54   84    0   66    0    0   10   91    0   32    0    0   44    0    0   84    0  100   74    0    0
   82    0    0    0    0    0    0    0   72   12   48    0    0   26    5   97   93   75    3   48   36   19   96   95    0   56    0    0    0   34    0    0   10    0   61
   18    0   96    0    0   12    0   59   46   82   98    0   48    0   52    4    0    0    0    0    0    0   64   97    0   89    0   84   34    0   64    0    0   73   89
   18   24    0   63    0    0   80    0    0   91    0   68    8   30   34   76    0   56   53   33    0   50   56    0   90    0   73    0    0   64    0   48    0    0   23
   27    0   42    0    0   70    0   15   73    0   89    0   60    0    0   29    0   80   50   70    0    0   14    0   33   70   35  100    0    0   48    0   39    0   41
   45   10   12    0    5    0    0    0   94   10    0   36    0   31    0    0   76    0   82   54    0   43   69   59   17    0    9   74   10    0    0   39    0    0   41
    0   90    0    0    0    0    5    0   67   26   45    1   57    0    0    0    0    0   69    0    0   83    0   97    0    0    0    0    0   73    0    0    0    0    0
   81    0   22    0   20    0   91   58   68   25    0    5    0    0    0    0    0    0   14   25    0   10   91    0    0    0   59    0   61   89   23   41   41    0    0
