QBPP_HJ+_45_050_20_4
45 121 3997
3 22 38 10 28 27 37 29 45 30 6 12 8 15 25 45 49 30 17 29 45 39 31 47 37 31 30 29 34 8 45 10 45 10 26 12 12 40 36 25 11 38 11 45 2
    0   21   95    0    0   18   38    0    0    0    4   39   20    0   60    0   37    0   57    8    0    0   61    0    0    0   21   83    0    0   78   71    0   26    0   41   83   98    0   37   72    0    0   32    9
   21    0    0   29    0    0    0   99    0    0   68    0    0    0   32   68   33   28    7    0    0   59   16    0    0    0    0    8    0   67    0    0    0   52    0   21    0    0    0   57   34   91    0    0    0
   95    0    0    0    0   44   48    0   59    0    0   61    9   47    0    0    7    0    0    3   17    0   20   53   46   51   79   24    0    0   87    0    8    0   38   26   54    0   88    0    0   78    0   50    0
    0   29    0    0   30    0    0   96    0    0    0    5    6   17    0    0    0    0   90    0    0    0    9   44    0   14    0   80   77   32   23    0   58   28   74   58    0    0   30   56    0   14    0   98   14
    0    0    0   30    0    4    0   48    0    0    0    0   67   99    0   95    0   83    0    2    0    2    0    0   45   89    0   79    0   35   58   52    0    0    0    0   19    7   95    0   44   67    0   69    0
   18    0   44    0    4    0   56    0    0    9    0   65   76    0    0    0    0   98    0    0   34   16    0   63    0    0   77   19    0   54    0    0    0    0    0    0   49   72   51   35    0   39   50    0   98
   38    0   48    0    0   56    0    0   87   51    0    0   18    0    0    0  100  100    0    0   88   99    0   82    0   66   44   79    0    0   38   95    9    0   65   41   65    0    0    0   85   70    0    0   92
    0   99    0   96   48    0    0    0   30   90    7   43   29   32   97    3   69   60    0   15    7    0    0   76    0   81    0   73   87   86    0    0   48    0   43    0    0   16   12   92    0    0   91   60   39
    0    0   59    0    0    0   87   30    0    0    0   68    0    0    0    0   39   87    0   65   83   60    0   86   42   92    0   21    0    0   22    0    0    0   50   54    0    0    0   13    0    0    0    5    0
    0    0    0    0    0    9   51   90    0    0    0    0    0   79    0   98    0    0    0    0    0    0    0   58    0    1    0    5   61   58   29    3    0    0    0    0   79   19   73    0    0    0   77    0    8
    4   68    0    0    0    0    0    7    0    0    0    0   44   13   94    0  100    0   44   81   12    0    0    0   62    0    0   79   56   38    0   15    0   36   65    0    0    0    5   66   78   86    0   22   45
   39    0   61    5    0   65    0   43   68    0    0    0    0    0    0    0    0   60    0    0    0    0   26   23    0   42    0    0   36   69    0    0    0   86   55   48    0    0    2    4   78    0   45    0    0
   20    0    9    6   67   76   18   29    0    0   44    0    0    0   44    0   31   90   44    0   40    0   89    0    0    0    0   48    0   56   15    0    0   10   24    0   47    0    0    0    0   67    0    0    0
    0    0   47   17   99    0    0   32    0   79   13    0    0    0    0    0    0   10    0    0    0    0    0    0   45   41   46   54    0   55    0    0   29    0   64   87    0    0    4    0    0   13    0    0   11
   60   32    0    0    0    0    0   97    0    0   94    0   44    0    0   40    0    0    0    0    0   79    2   74   69   68    0   77    0   14   21    0    9    0   13   97    0    0   10   86   39    0   67   91   29
    0   68    0    0   95    0    0    3    0   98    0    0    0    0   40    0   47    0    0   62   40    0    0   26    0    0   47   35    0    0    0   90    0   26   38    0   84    3    0   15   41    0    0   94   60
   37   33    7    0    0    0  100   69   39    0  100    0   31    0    0   47    0   82    0   59    0    0    0   94   81   73    0    0   53    5    0   60    0    0    0   35    0   80    0   45    0   33   14   44    0
    0   28    0    0   83   98  100   60   87    0    0   60   90   10    0    0   82    0   36    0    0   62    0    5    0   89   54    0   72   88    0   42    0    0    0    0   96    0    1    0   32    0    0    3    0
   57    7    0   90    0    0    0    0    0    0   44    0   44    0    0    0    0   36    0    0    0   40   81   18    0   24    0   35    0    0   93    0    0   54   15    0    0    0   66    0    0    0   34   46    0
    8    0    3    0    2    0    0   15   65    0   81    0    0    0    0   62   59    0    0    0    0   32    0   74    0   14   83   16    0    0    0   24    0   40    0    0   79   35   28   66   41   78    0   81   24
    0    0   17    0    0   34   88    7   83    0   12    0   40    0    0   40    0    0    0    0    0    0    0   28    0    0   94   76    0    0    0   42    0    0    0    0    0    0   53   31   54    0   90    3    5
    0   59    0    0    2   16   99    0   60    0    0    0    0    0   79    0    0   62   40   32    0    0   24   64   73    0   65   11   32    0    0   57   56    0   10   86    0    0    0   83   36   61   80   38    0
   61   16   20    9    0    0    0    0    0    0    0   26   89    0    2    0    0    0   81    0    0   24    0   94    0    0    0   44   42   70   28    0   25    0    0    0    0    0   53   75    0    0    0    0   88
    0    0   53   44    0   63   82   76   86   58    0   23    0    0   74   26   94    5   18   74   28   64   94    0   61    0   61   42   10    0    0    0    0   68    0    0   92   60   95   62   14   78    0   75    0
    0    0   46    0   45    0    0    0   42    0   62    0    0   45   69    0   81    0    0    0    0   73    0   61    0   76   47    0   29   36   52   81   98   82   78    0   83   86   47    0   73   19   78    0   78
    0    0   51   14   89    0   66   81   92    1    0   42    0   41   68    0   73   89   24   14    0    0    0    0   76    0   49    0    0   53    0   70    2    0   45    0    0    6   53   31   31    0    0    0    0
   21    0   79    0    0   77   44    0    0    0    0    0    0   46    0   47    0   54    0   83   94   65    0   61   47   49    0    0    0   26    1    0   69    0    0    0    0    0    0    0   60   84    0   47    0
   83    8   24   80   79   19   79   73   21    5   79    0   48   54   77   35    0    0   35   16   76   11   44   42    0    0    0    0    0   23    0   49    0   40    0    0    0    0   39    0    0    0    0    0   73
    0    0    0   77    0    0    0   87    0   61   56   36    0    0    0    0   53   72    0    0    0   32   42   10   29    0    0    0    0   24   30    0    0   78    0   80    0    0   20   70   49    0   66    0    0
    0   67    0   32   35   54    0   86    0   58   38   69   56   55   14    0    5   88    0    0    0    0   70    0   36   53   26   23   24    0   49   18   17    0    0    0   88   88    0    0    0    0   51    5   78
   78    0   87   23   58    0   38    0   22   29    0    0   15    0   21    0    0    0   93    0    0    0   28    0   52    0    1    0   30   49    0    0   81    0   81   97    0   13   37   40   10    0   71   24    0
   71    0    0    0   52    0   95    0    0    3   15    0    0    0    0   90   60   42    0   24   42   57    0    0   81   70    0   49    0   18    0    0    0   74   85    0    0    0    0   27    0    0    0    0    0
    0    0    8   58    0    0    9   48    0    0    0    0    0   29    9    0    0    0    0    0    0   56   25    0   98    2   69    0    0   17   81    0    0    0    0    0   11   84    6   92   82    0   95   70    0
   26   52    0   28    0    0    0    0    0    0   36   86   10    0    0   26    0    0   54   40    0    0    0   68   82    0    0   40   78    0    0   74    0    0    0    0   46    0   60    0   32    0   83    0   70
    0    0   38   74    0    0   65   43   50    0   65   55   24   64   13   38    0    0   15    0    0   10    0    0   78   45    0    0    0    0   81   85    0    0    0    0   33   57  100    0   42    0    0   37    0
   41   21   26   58    0    0   41    0   54    0    0   48    0   87   97    0   35    0    0    0    0   86    0    0    0    0    0    0   80    0   97    0    0    0    0    0   39    0   67    0   24   23    0    0    0
   83    0   54    0   19   49   65    0    0   79    0    0   47    0    0   84    0   96    0   79    0    0    0   92   83    0    0    0    0   88    0    0   11   46   33   39    0    0    0   27   47   12   35    0    2
   98    0    0    0    7   72    0   16    0   19    0    0    0    0    0    3   80    0    0   35    0    0    0   60   86    6    0    0    0   88   13    0   84    0   57    0    0    0   63    0    0    0    0   52    0
    0    0   88   30   95   51    0   12    0   73    5    2    0    4   10    0    0    1   66   28   53    0   53   95   47   53    0   39   20    0   37    0    6   60  100   67    0   63    0   77   50   63    0   57   82
   37   57    0   56    0   35    0   92   13    0   66    4    0    0   86   15   45    0    0   66   31   83   75   62    0   31    0    0   70    0   40   27   92    0    0    0   27    0   77    0   73    0    0    0    0
   72   34    0    0   44    0   85    0    0    0   78   78    0    0   39   41    0   32    0   41   54   36    0   14   73   31   60    0   49    0   10    0   82   32   42   24   47    0   50   73    0    0   93    0   72
    0   91   78   14   67   39   70    0    0    0   86    0   67   13    0    0   33    0    0   78    0   61    0   78   19    0   84    0    0    0    0    0    0    0    0   23   12    0   63    0    0    0   21    0   72
    0    0    0    0    0   50    0   91    0   77    0   45    0    0   67    0   14    0   34    0   90   80    0    0   78    0    0    0   66   51   71    0   95   83    0    0   35    0    0    0   93   21    0    0    0
   32    0   50   98   69    0    0   60    5    0   22    0    0    0   91   94   44    3   46   81    3   38    0   75    0    0   47    0    0    5   24    0   70    0   37    0    0   52   57    0    0    0    0    0   71
    9    0    0   14    0   98   92   39    0    8   45    0    0   11   29   60    0    0    0   24    5    0   88    0   78    0    0   73    0   78    0    0    0   70    0    0    2    0   82    0   72   72    0   71    0
