QBPP_HJ+_35_050_06_1
35 308 115
20 13 2 25 16 35 8 29 35 36 30 41 46 10 46 45 34 48 16 41 34 1 43 10 20 50 7 34 9 44 18 13 29 6 29
    0    0    0    0    0    0    0   73   91    6  100   93    0   70    1   37    0    0    4    0    0   41    0   58    0    0    1   34    0   84    0   36    0    0    0
    0    0    2   17    0    0   93   48   79    0    0    0   70   15    0    0    0   90    0    0   29    0    0    0    0   97   67   98    0   83    3   29    0    0    0
    0    2    0    0    0    0   17    9   50    0    0    0    0   63    0    0   17   74   53   35   29    0   53   86   33   32    0   98    0    0    7    0   52   32    0
    0   17    0    0   27    0    0    0    0    0   10    0   30   48   99    0   39   79    0   22   77    0   33   45    0   33    0   79    0   79   96   65    0   83   81
    0    0    0   27    0    0    0   25    0   73   44    0    0    0   59   33   23    0    0   43   27   84    0    0   41    0    0    0   64   39    0   77    2   55    6
    0    0    0    0    0    0    0    0    0    4   18   76    3   32    0    0    0   86    0   79    0   40   70   97   48   41   57   69    0    0   50    0    0   26   10
    0   93   17    0    0    0    0    0    0   71    0    0   41   95    0   64    0   58   83    0    0   58    0    0   86   89   29   68    0    0   62   10   83    0    0
   73   48    9    0   25    0    0    0    0    0    0    1    0    2    0   22   38    0    0   43   36    0   40    0    4    0   48   32    0    0    0   44    6   87   60
   91   79   50    0    0    0    0    0    0   82   16   15   50   46    0    4   75    0   33   93    0    0    0    0    0    0   80   95    0    0   26    0   34   17    0
    6    0    0    0   73    4   71    0   82    0   86    0    0    0    0    0   42    0    0   81   15    1    0   59    0   46   15   81    0    0    8    0   11    0    0
  100    0    0   10   44   18    0    0   16   86    0    2    0    0   20   11   63    0    0   49   23   15    3    0    0    0   94   93    0   74    0   56   91    0   90
   93    0    0    0    0   76    0    1   15    0    2    0    8    0    0   34    0   53    0    0    0    0   33    0    0   44   37   18    0   19    0    8    5   80    0
    0   70    0   30    0    3   41    0   50    0    0    8    0    0    0   70   12    0   71   82   72   31   18    0   16   34    0    0    0    0   65   26   56    0   42
   70   15   63   48    0   32   95    2   46    0    0    0    0    0    0    0   20   54   50    0   94    0    0    0   86   69   82    0   56    0   26   49    0   63    0
    1    0    0   99   59    0    0    0    0    0   20    0    0    0    0    0    0    0    0    0   48   63    0    2   39    0    0   45   10    0   19   34   11    0   64
   37    0    0    0   33    0   64   22    4    0   11   34   70    0    0    0    0   50   53    0   76    0   82   77   42    5   39   78    0    0    0    0   84    0   37
    0    0   17   39   23    0    0   38   75   42   63    0   12   20    0    0    0   23   38    0    0   72   51   48    0   72    0    0   56    0    5    0    0   22    0
    0   90   74   79    0   86   58    0    0    0    0   53    0   54    0   50   23    0   85    8    0   91    0    0    0   55    0    0    0   25    0    0    0    0   77
    4    0   53    0    0    0   83    0   33    0    0    0   71   50    0   53   38   85    0    0    0   10    0    0    0   94    0   63   66    0   36    0    0    0   12
    0    0   35   22   43   79    0   43   93   81   49    0   82    0    0    0    0    8    0    0    0    0    0    0    0    0    0   93    0    0    3    0    5   68    0
    0   29   29   77   27    0    0   36    0   15   23    0   72   94   48   76    0    0    0    0    0    0    0  100    0   58    0    0   21   35    0   64    0    0    0
   41    0    0    0   84   40   58    0    0    1   15    0   31    0   63    0   72   91   10    0    0    0    0    0    0   12   24    0   69    0   90  100    0   11   90
    0    0   53   33    0   70    0   40    0    0    3   33   18    0    0   82   51    0    0    0    0    0    0    0   71    0    0   61    0   81   47    0    0    0   49
   58    0   86   45    0   97    0    0    0   59    0    0    0    0    2   77   48    0    0    0  100    0    0    0    0   56   43   82   13    0    0    0    0    0   88
    0    0   33    0   41   48   86    4    0    0    0    0   16   86   39   42    0    0    0    0    0    0   71    0    0    0    0   84   98   97   67   78   75    0    0
    0   97   32   33    0   41   89    0    0   46    0   44   34   69    0    5   72   55   94    0   58   12    0   56    0    0   59    0   93    5    0    0   75    0    5
    1   67    0    0    0   57   29   48   80   15   94   37    0   82    0   39    0    0    0    0    0   24    0   43    0   59    0   74    0   21    0   13   20    0   43
   34   98   98   79    0   69   68   32   95   81   93   18    0    0   45   78    0    0   63   93    0    0   61   82   84    0   74    0   31    0    0    0    0    0    0
    0    0    0    0   64    0    0    0    0    0    0    0    0   56   10    0   56    0   66    0   21   69    0   13   98   93    0   31    0    0    0    0    0   89    0
   84   83    0   79   39    0    0    0    0    0   74   19    0    0    0    0    0   25    0    0   35    0   81    0   97    5   21    0    0    0    0   56    0    0    0
    0    3    7   96    0   50   62    0   26    8    0    0   65   26   19    0    5    0   36    3    0   90   47    0   67    0    0    0    0    0    0    0    0    0    0
   36   29    0   65   77    0   10   44    0    0   56    8   26   49   34    0    0    0    0    0   64  100    0    0   78    0   13    0    0   56    0    0    0    0   57
    0    0   52    0    2    0   83    6   34   11   91    5   56    0   11   84    0    0    0    5    0    0    0    0   75   75   20    0    0    0    0    0    0    9    0
    0    0   32   83   55   26    0   87   17    0    0   80    0   63    0    0   22    0    0   68    0   11    0    0    0    0    0    0   89    0    0    0    9    0    0
    0    0    0   81    6   10    0   60    0    0   90    0   42    0   64   37    0   77   12    0    0   90   49   88    0    5   43    0    0    0    0   57    0    0    0
