QBPP_HJ*_40_050_20_1
40 102 102
9 17 11 35 23 3 10 45 27 26 45 40 4 24 17 21 46 18 20 43 21 27 43 45 42 21 15 6 17 22 16 32 24 50 50 20 11 20 35 18
    0    0    0   47  -19   -3   41    0   20  -20  -38    0  -27   15    0   -3   46   39    0    0   37   29    0   47    0  -28    0  -41    0   40    0    0    0    0    0   -6   25    0  -25    0
    0    0    0  -32   48    0    0    0    0    0    0  -43    0    0    0    0   47   31    0    0    0    0   -3   24    0  -35    0    0    0    0   22    0  -25    0   13    0    0    0    0    0
    0    0    0   28    0  -21    0   -2    0   36  -47  -21    0    0  -23    4    0  -39   17    0    0  -27  -12  -38    0    0   41  -48    0    0    0    0    0  -14    0  -42    0    0    0   49
   47  -32   28    0    0   19    0  -11    6   -6    0   38    0    0    0  -45   16    0   17   23   46    0    0    0  -32   30  -44  -31   36    0   44   44    0   -9   45    0   13   28    2    0
  -19   48    0    0    0    0  -25    0    0    0    0    4    0   15  -50    0    0    0    0    0    0  -49   -8   15    0    9    0    0   50   50   -8  -34    0   44    0    0    0  -42    0   22
   -3    0  -21   19    0    0    0    0   38    0    0  -37  -32    0    0    3    0    0   34    0    0  -11    3  -42    0    2   -5   48    0    0   13  -36    0    0   46    0  -19    0   45    0
   41    0    0    0  -25    0    0    0    0    7  -34  -13    0  -45    0  -41    0   46    0    5    7    0    0   -1    0  -48    0   31   36    0   39    0    0    0   26   -5   17    0    0  -14
    0    0   -2  -11    0    0    0    0   47    0  -43    0    0    0  -45    0    0   48    0   38   25    0    0    0    0  -44  -26   -3    0    0  -43   27   11   -6   42  -18    0   30   -1   33
   20    0    0    6    0   38    0   47    0    0    0  -21   -6    0    0   45    0  -17    0    0   43    0   -2    0  -47  -21  -16    0    0    0    0  -37    0  -21    0    0    0   20  -15   25
  -20    0   36   -6    0    0    7    0    0    0    0    0    0   28    0    0   45    0   37   -9    6    0    0    0    0   11  -42    0    0   18    0  -18   45   48    0  -28    0    0    7   -8
  -38    0  -47    0    0    0  -34  -43    0    0    0   -5    0   -3   45    0    0    0    0   -9    0   16   38    0    0  -49    0  -25    0   32    0    0    0    0   -8    0   46    0  -31    0
    0  -43  -21   38    4  -37  -13    0  -21    0   -5    0    0    0    5    0    0    0  -33   31   40    0   15    0    0    0    0    0   20    0   41  -13    0  -11  -41    0    0    0   -4    0
  -27    0    0    0    0  -32    0    0   -6    0    0    0    0    0  -38    0   27    0    0   48    0  -48    0    0    0   14   21    0  -47    0  -49   10  -19   11  -12  -18    0    0    0    0
   15    0    0    0   15    0  -45    0    0   28   -3    0    0    0    0    0    0    0    2  -30  -16  -41    0  -39  -47    0    0    0    0    0    0  -16   23   14    0    0    0  -33    0    0
    0    0  -23    0  -50    0    0  -45    0    0   45    5  -38    0    0   47    0   49    0   22    0    0   27    0    0    0  -14   12   20    0   40   17   32    0  -26  -11    0   14    0  -38
   -3    0    4  -45    0    3  -41    0   45    0    0    0    0    0   47    0    0    0    0   44    0  -42   19  -23    0    0    0    0    0    0   36    0    6   36    0  -40  -25    0  -39    0
   46   47    0   16    0    0    0    0    0   45    0    0   27    0    0    0    0    0  -19    0   -2   -7    0    0  -50   30    0    0    8    0  -41    0    0    0    0    0    0   28    0    0
   39   31  -39    0    0    0   46   48  -17    0    0    0    0    0   49    0    0    0   50    0    0  -21   -9    0  -12    8  -13   -6    0    0   -2   40    0   34   10    0  -26  -20    0  -26
    0    0   17   17    0   34    0    0    0   37    0  -33    0    2    0    0  -19   50    0   47  -46    0   47   10    0  -13  -36    0    0    0   44   15    0  -21   -5  -32   29   12   19    0
    0    0    0   23    0    0    5   38    0   -9   -9   31   48  -30   22   44    0    0   47    0   50    0    0    0    0   34    0  -46   37   18    0  -47   15    0    0    0    5   -1  -33  -18
   37    0    0   46    0    0    7   25   43    6    0   40    0  -16    0    0   -2    0  -46   50    0   47  -30  -46    0    0    0   33    0    7    8   20    0   39    0    0   -7    9    0   45
   29    0  -27    0  -49  -11    0    0    0    0   16    0  -48  -41    0  -42   -7  -21    0    0   47    0    0  -33   34    4    2    0   17  -40    0   33    0   32  -29    0  -18   44    0    0
    0   -3  -12    0   -8    3    0    0   -2    0   38   15    0    0   27   19    0   -9   47    0  -30    0    0   48    0    0    0    0   47    8  -18   42    0    0    0  -12  -10    0    0    0
   47   24  -38    0   15  -42   -1    0    0    0    0    0    0  -39    0  -23    0    0   10    0  -46  -33   48    0   30  -34  -21    0   35    0    0   29    0    0    5    0   21  -21    0  -17
    0    0    0  -32    0    0    0    0  -47    0    0    0    0  -47    0    0  -50  -12    0    0    0   34    0   30    0    0    0    0  -30    0    0    0  -15    0  -24    0   27    0    0    0
  -28  -35    0   30    9    2  -48  -44  -21   11  -49    0   14    0    0    0   30    8  -13   34    0    4    0  -34    0    0  -32    0    0    0    0    0    0    6    0  -31    0    0    0    0
    0    0   41  -44    0   -5    0  -26  -16  -42    0    0   21    0  -14    0    0  -13  -36    0    0    2    0  -21    0  -32    0    0    0  -27    0    0    0    0    0   -1  -21    0    0    7
  -41    0  -48  -31    0   48   31   -3    0    0  -25    0    0    0   12    0    0   -6    0  -46   33    0    0    0    0    0    0    0   -5   19  -28    1  -43    0    0   43    0    0    9    0
    0    0    0   36   50    0   36    0    0    0    0   20  -47    0   20    0    8    0    0   37    0   17   47   35  -30    0    0   -5    0    9  -11   32  -16    0   50    0    0    0  -30    0
   40    0    0    0   50    0    0    0    0   18   32    0    0    0    0    0    0    0    0   18    7  -40    8    0    0    0  -27   19    9    0  -19  -36    0    0    0    0    0  -30    0    0
    0   22    0   44   -8   13   39  -43    0    0    0   41  -49    0   40   36  -41   -2   44    0    8    0  -18    0    0    0    0  -28  -11  -19    0    8   30   -5   26    0    0  -31    0   22
    0    0    0   44  -34  -36    0   27  -37  -18    0  -13   10  -16   17    0    0   40   15  -47   20   33   42   29    0    0    0    1   32  -36    8    0  -46  -11    0    0    0  -12  -14  -22
    0  -25    0    0    0    0    0   11    0   45    0    0  -19   23   32    6    0    0    0   15    0    0    0    0  -15    0    0  -43  -16    0   30  -46    0    0    0    0    0   25    0  -37
    0    0  -14   -9   44    0    0   -6  -21   48    0  -11   11   14    0   36    0   34  -21    0   39   32    0    0    0    6    0    0    0    0   -5  -11    0    0   28    0   20    0   -2   30
    0   13    0   45    0   46   26   42    0    0   -8  -41  -12    0  -26    0    0   10   -5    0    0  -29    0    5  -24    0    0    0   50    0   26    0    0   28    0    0   29    0    0  -50
   -6    0  -42    0    0    0   -5  -18    0  -28    0    0  -18    0  -11  -40    0    0  -32    0    0    0  -12    0    0  -31   -1   43    0    0    0    0    0    0    0    0  -27    2    0  -34
   25    0    0   13    0  -19   17    0    0    0   46    0    0    0    0  -25    0  -26   29    5   -7  -18  -10   21   27    0  -21    0    0    0    0    0    0   20   29  -27    0    0  -43   -5
    0    0    0   28  -42    0    0   30   20    0    0    0    0  -33   14    0   28  -20   12   -1    9   44    0  -21    0    0    0    0    0  -30  -31  -12   25    0    0    2    0    0    2   12
  -25    0    0    2    0   45    0   -1  -15    7  -31   -4    0    0    0  -39    0    0   19  -33    0    0    0    0    0    0    0    9  -30    0    0  -14    0   -2    0    0  -43    2    0    0
    0    0   49    0   22    0  -14   33   25   -8    0    0    0    0  -38    0    0  -26    0  -18   45    0    0  -17    0    0    7    0    0    0   22  -22  -37   30  -50  -34   -5   12    0    0
