QBPP_HJ*_30_075_10_1
30 152 8
11 37 40 42 39 26 24 6 43 48 22 3 41 4 20 23 21 23 2 19 33 41 11 35 1 11 23 32 42 35
    0   19  -42  -49  -24   32   31  -22    0  -23    0   -3    0    0    0   45    0    0    0    0   -3    0   43    8  -43   19   16   33  -32    0
   19    0    2  -44  -21  -49   -1    0  -14   48  -32    0   47   24  -13   12    0  -39   26   35   14    0  -31  -39  -35  -16   16   30   39   25
  -42    2    0   -9   16  -40  -25    0   21    0    0  -31  -37  -34   15  -43  -46   44    0  -15   10    0   25  -29   -9  -42  -32    0   15    0
  -49  -44   -9    0  -17   47    4    0   10   32  -49   28  -18   49    0  -19   50  -23   39    0  -16  -32   12   44    0    0   14  -17  -49    0
  -24  -21   16  -17    0  -30    0   17   -1  -43  -32  -19  -26    0    0   10  -35  -49    6  -34   28    0    0  -26  -16    0   29  -14    0  -11
   32  -49  -40   47  -30    0    0  -42    0   37   12  -48    7   42   33    0  -25    0    8  -27   28   14  -18  -27   34    0    0   42  -47   21
   31   -1  -25    4    0    0    0    0  -21   37   -3    0  -18  -30   -8  -29  -36   16    0    0    8    0   38    0    0    0   16   19    0    0
  -22    0    0    0   17  -42    0    0   41    0    0  -22   32    0   33  -17   48  -43    0   42    0   30    0  -42  -47   45   15  -30   49   47
    0  -14   21   10   -1    0  -21   41    0    0   24   18    0   -1   16  -38    0    7   44    0  -33    6  -36   35   24   26   -9    0    0    0
  -23   48    0   32  -43   37   37    0    0    0    0  -35   31    0    0    0  -14   36    0  -46   15    0   22  -34    0  -37    0   -2   43  -24
    0  -32    0  -49  -32   12   -3    0   24    0    0   -2    0  -17    6    0    0   49   49   47   30  -11  -29    0   15  -23   34    0  -10    0
   -3    0  -31   28  -19  -48    0  -22   18  -35   -2    0  -15    1   42   14  -19    0    0  -15    0   19   28  -23   -6   46  -19  -21    0   -8
    0   47  -37  -18  -26    7  -18   32    0   31    0  -15    0  -12    4    0  -39    0  -35    0    4    1    0  -37  -17   32   33   33   31  -47
    0   24  -34   49    0   42  -30    0   -1    0  -17    1  -12    0  -44  -49   48    2   14   16   23    0  -43  -44   -1    0  -50    0  -49   27
    0  -13   15    0    0   33   -8   33   16    0    6   42    4  -44    0   49    0    0   -6  -46  -41   37  -27    0   39   34    0    0    2   -3
   45   12  -43  -19   10    0  -29  -17  -38    0    0   14    0  -49   49    0  -19  -16   34    0    0  -38    0  -43   30  -18  -14  -38   32    0
    0    0  -46   50  -35  -25  -36   48    0  -14    0  -19  -39   48    0  -19    0   31    0    0  -32   36  -47   46  -12  -22  -22  -46   44   22
    0  -39   44  -23  -49    0   16  -43    7   36   49    0    0    2    0  -16   31    0   11   49   49    0    0  -15   16    7   21    0   36    0
    0   26    0   39    6    8    0    0   44    0   49    0  -35   14   -6   34    0   11    0    0   47  -48  -24   34    2  -10    0  -24  -38  -35
    0   35  -15    0  -34  -27    0   42    0  -46   47  -15    0   16  -46    0    0   49    0    0  -22  -42    0    0   32    0   23   31   16  -48
   -3   14   10  -16   28   28    8    0  -33   15   30    0    4   23  -41    0  -32   49   47  -22    0   -3  -30    0    0   15    0  -16    0   35
    0    0    0  -32    0   14    0   30    6    0  -11   19    1    0   37  -38   36    0  -48  -42   -3    0  -22  -49   37    0   48  -50  -49    0
   43  -31   25   12    0  -18   38    0  -36   22  -29   28    0  -43  -27    0  -47    0  -24    0  -30  -22    0    0   35    0   -4    0    0    0
    8  -39  -29   44  -26  -27    0  -42   35  -34    0  -23  -37  -44    0  -43   46  -15   34    0    0  -49    0    0   -4    1    0  -17   -9   48
  -43  -35   -9    0  -16   34    0  -47   24    0   15   -6  -17   -1   39   30  -12   16    2   32    0   37   35   -4    0  -49   10   17   40    0
   19  -16  -42    0    0    0    0   45   26  -37  -23   46   32    0   34  -18  -22    7  -10    0   15    0    0    1  -49    0    0   13   33  -40
   16   16  -32   14   29    0   16   15   -9    0   34  -19   33  -50    0  -14  -22   21    0   23    0   48   -4    0   10    0    0    8    7   50
   33   30    0  -17  -14   42   19  -30    0   -2    0  -21   33    0    0  -38  -46    0  -24   31  -16  -50    0  -17   17   13    8    0  -12  -15
  -32   39   15  -49    0  -47    0   49    0   43  -10    0   31  -49    2   32   44   36  -38   16    0  -49    0   -9   40   33    7  -12    0    0
    0   25    0    0  -11   21    0   47    0  -24    0   -8  -47   27   -3    0   22    0  -35  -48   35    0    0   48    0  -40   50  -15    0    0
