QBPP_HJ+_30_050_20_5
30 58 3759
33 19 15 5 19 45 40 2 39 6 17 1 4 39 7 4 18 49 37 5 9 37 45 17 4 4 11 15 5 22
    0   61   48   44    0    2   98   71    0    0    0   50    0    0    0   46   46    0    0   91   35   96    0    0   57    0    5    0    0    0
   61    0    4   76   47    0    0    0    0   41   31   42   40    0    0   92  100    1    0   41    0   41    0   65  100   29    0    0    0   71
   48    4    0    0    0    0   23    0   10   70   32    5   71    0   39    0    0   50    0   83   44   65   66   12   34   30   93   78   45    0
   44   76    0    0    0    0    0    0  100    0   14    0   68   13    0   65    4    0   80    0    0    0    2   16    0    0   57   89   60    0
    0   47    0    0    0    0    0   40    0    0   93   49    0   11    0   82    0   78    0    0   11    0   40   39   47    8   54    0   69   30
    2    0    0    0    0    0    0    0    0    0   81    6   67   46    0   11   86    0    0    0   26   81    0    0    0   37    0    0   23    0
   98    0   23    0    0    0    0   43   25    0    0   47    0    0    0   78    0   29   10   64    0   21   23    7   38    0    0    0   30   17
   71    0    0    0   40    0   43    0    0   79    0   53   25    0   64   36   91   74    0   60   87   22   41   83    0   32    0    0    0    0
    0    0   10  100    0    0   25    0    0    0   91    0   24   53    0   98   80    0    0    0    0   12   70    0   59    0    0    0   25   97
    0   41   70    0    0    0    0   79    0    0    0    0   58   75    0    0    0    7   78   43    0    0    6   50    2    0   59    0   78    0
    0   31   32   14   93   81    0    0   91    0    0    0    0   77    0    0   13   79    0   61    0    0   94    0   95   68   60    0    7    0
   50   42    5    0   49    6   47   53    0    0    0    0   92   38    1    0   86   63   61   73   25    0    0    0    0   28   40    0    0   31
    0   40   71   68    0   67    0   25   24   58    0   92    0    0    0   52    0   30   12    8    0    0    0   74    0    0   65    0    0   90
    0    0    0   13   11   46    0    0   53   75   77   38    0    0    0   22    9   35   68   10    0    0    0   14   44   92    4   33    0    8
    0    0   39    0    0    0    0   64    0    0    0    1    0    0    0    0    0   35    0    0   98   90   33   44    0   20   66   44   20   96
   46   92    0   65   82   11   78   36   98    0    0    0   52   22    0    0    0    0   37    0   17   12    0   57    0   42    0    0   91    0
   46  100    0    4    0   86    0   91   80    0   13   86    0    9    0    0    0    0    0    0   13   64   76   67    0    0    0    0   21    0
    0    1   50    0   78    0   29   74    0    7   79   63   30   35   35    0    0    0    0   87   59   63    0    0    0   42    0    0    0   88
    0    0    0   80    0    0   10    0    0   78    0   61   12   68    0   37    0    0    0   76    0    0   46    0    0   58   54    0    0   88
   91   41   83    0    0    0   64   60    0   43   61   73    8   10    0    0    0   87   76    0   33    0    0   13   30    4    0   46   65   17
   35    0   44    0   11   26    0   87    0    0    0   25    0    0   98   17   13   59    0   33    0    0    0    0    0   72    0   63    0    0
   96   41   65    0    0   81   21   22   12    0    0    0    0    0   90   12   64   63    0    0    0    0   25    0    2   91    0    0    0   55
    0    0   66    2   40    0   23   41   70    6   94    0    0    0   33    0   76    0   46    0    0   25    0   50   17    0   49   96   97   47
    0   65   12   16   39    0    7   83    0   50    0    0   74   14   44   57   67    0    0   13    0    0   50    0    0   18    0   73   78   36
   57  100   34    0   47    0   38    0   59    2   95    0    0   44    0    0    0    0    0   30    0    2   17    0    0   49    0   16    0    0
    0   29   30    0    8   37    0   32    0    0   68   28    0   92   20   42    0   42   58    4   72   91    0   18   49    0   40   76   60    0
    5    0   93   57   54    0    0    0    0   59   60   40   65    4   66    0    0    0   54    0    0    0   49    0    0   40    0    2    0   65
    0    0   78   89    0    0    0    0    0    0    0    0    0   33   44    0    0    0    0   46   63    0   96   73   16   76    2    0   39    0
    0    0   45   60   69   23   30    0   25   78    7    0    0    0   20   91   21    0    0   65    0    0   97   78    0   60    0   39    0   37
    0   71    0    0   30    0   17    0   97    0    0   31   90    8   96    0    0   88   88   17    0   55   47   36    0    0   65    0   37    0
