QBPP_HJ+_45_075_10_5
45 209 798
29 10 31 40 44 14 36 50 38 4 43 44 29 5 44 3 18 9 42 12 11 40 42 7 26 5 25 1 37 24 11 33 35 33 29 30 8 30 11 16 7 13 2 23 1
    0    0    6   12   29    2    0   24   74    0    0   30   84    0   99    0   22   10   44   35   22    0    0    0   55   13   60   50    0    0   97   59    0   80    0   29    9    0   69   20    0    0   29   35    0
    0    0   55    0   16   19   87    0   98   89   13   22    0   33    0    0   24    0   17    0   63   43   40   64    0   84   76   29    0    8    0   73    0   95    0    0    8    0   46    0   78   26    0   22    0
    6   55    0    0  100    0   26   47  100   80   88   99    9   87    0   13    0   18    0   31    0    0   92   92   12   38   76    0    0   88    0    0   94   74    8   53   63    0    0   18   18   98    0   60   17
   12    0    0    0   78   28    5   14    0    3   34   45    0   56   73   94   78   63    0   48    0    0   92    0    9    4   28   97   43    0   87    0   69   53   63   38    0   68    0   86   23   23    0   32   21
   29   16  100   78    0   94    0    0   94   87   56   29   32    0    0    0    0   91    0    0   99    0    0   94   56    0   78   85    0   79   75   47    0   31   42    1    7    8   96   29   46   37   38   18   36
    2   19    0   28   94    0   51   61   69  100   68   12   46    0   15    0   26   90    0   30   36   32   80   38   37   34    0   71    0   38    0    7   15   68   17   73    0   70    0   73   82    0   77    0   21
    0   87   26    5    0   51    0   48   14   36   96   46   18   17   84    3   46   93    0   62   77    3   45   29    0   70   74   14    0   83   86   73   31   62    0   11   64    5   43   31    0   14    8    0   65
   24    0   47   14    0   61   48    0   67   28    0   22   70   25   10   75    0   64    0    0    5   84   86   96  100   60   34   65   53   41    0   78   54    8   20   98   56    0   59   62   73   15    0   76   54
   74   98  100    0   94   69   14   67    0   40   71   56   95   32   73    0    0   30   75   83   39   80    0   73    0    0    0    3   96   27    0   46   64    0   63   43   25    2  100    0    0   52   26   14   42
    0   89   80    3   87  100   36   28   40    0    0   33   40   59   14    0    0    0   44   89   13    0   12   77   20   92    0   78    0    0   98    0   45   69   19   80   62   47   88   34   27   65    0   78   62
    0   13   88   34   56   68   96    0   71    0    0    0   67  100   13    0   42   43    0    0   72   69   52   42   85    0    0   99   96    0    0   18    0    0    0   33   82   23   54   35    0    9  100   11   10
   30   22   99   45   29   12   46   22   56   33    0    0   48    2    2   10   51   97   98    0   59   84   30   38   27    0   18  100   79   87   36   73    0    0   19    0    0   15   73   64   47    0   26    4   63
   84    0    9    0   32   46   18   70   95   40   67   48    0    0   63   84   99   44   22   48   34    0    0   94    6   17    0   91   21   53    6   31   58    0   94   35    0   95    0   83    0    0   54   37   82
    0   33   87   56    0    0   17   25   32   59  100    2    0    0   67   96   58    0   73   70   57   22   55    0   32    0   65   18   64   84   62   91   78    0    0   91   74   96   45    0    0    0   94   27   91
   99    0    0   73    0   15   84   10   73   14   13    2   63   67    0   80   77    0   48   94   95   46    0   68    0    0   59   72   36    0   34    0   94   40   15    4   44   95   17    6   72    0   51   45   27
    0    0   13   94    0    0    3   75    0    0    0   10   84   96   80    0    0  100   66   93   71    0    0   48    0   72   72   15   39    0   65   74   83   34   23   89   25   88    0    0   77   52   59   71    0
   22   24    0   78    0   26   46    0    0    0   42   51   99   58   77    0    0   80    0   65   70   64   33   55    0    0   78    0   97   28   86    6   29   36   27   90    0    4    0    5   30    0    0   45   63
   10    0   18   63   91   90   93   64   30    0   43   97   44    0    0  100   80    0    0    0    0   11   15    0   39    0    0   54   30    0    0    0    0   87   56    0   86   44   11    0   74    0    0   40    0
   44   17    0    0    0    0    0    0   75   44    0   98   22   73   48   66    0    0    0   66   98    0   99    0    0   76   23    0   82   41   75   65   15    9   10   42   13    0    3    0    0   22   76   11    0
   35    0   31   48    0   30   62    0   83   89    0    0   48   70   94   93   65    0   66    0    0   36   80    0    0   99   77   93   61   14   63   82    0   90   65   45    0   27   56    0    0    0   94   75   49
   22   63    0    0   99   36   77    5   39   13   72   59   34   57   95   71   70    0   98    0    0   71    0   56    0   91   77   99   41   48    0   88    0   23   99   98   58   93    0   42   14   73   16   75   56
    0   43    0    0    0   32    3   84   80    0   69   84    0   22   46    0   64   11    0   36   71    0    0    0   41   27   97    0   99    4   16    0   88   38    0   87    0   50   28   45   36   40   57   11   43
    0   40   92   92    0   80   45   86    0   12   52   30    0   55    0    0   33   15   99   80    0    0    0    0   45    0   63   86   89    1   88   72   78   18    0   13   17   80    0    0   57    0   17    0   45
    0   64   92    0   94   38   29   96   73   77   42   38   94    0   68   48   55    0    0    0   56    0    0    0    4    0    0    0   84   45    0  100    0   84    2    0   20   23   67    0   29   86    0    0   81
   55    0   12    9   56   37    0  100    0   20   85   27    6   32    0    0    0   39    0    0    0   41   45    4    0   14   13    0   11   53    0    0   18   48    0    4   55   60    0   73    0   94   15   15   61
   13   84   38    4    0   34   70   60    0   92    0    0   17    0    0   72    0    0   76   99   91   27    0    0   14    0    0   89    0   32    0    0    0   52   79   94   82    1   60   73   50   82   33   78    5
   60   76   76   28   78    0   74   34    0    0    0   18    0   65   59   72   78    0   23   77   77   97   63    0   13    0    0    5    0    0   15   69   99   20   83   88    0   70   33   20    0    0    0   78   43
   50   29    0   97   85   71   14   65    3   78   99  100   91   18   72   15    0   54    0   93   99    0   86    0    0   89    5    0   14   39    0   74   10    0   21   25   68   85   17   90   27    6   82   48   72
    0    0    0   43    0    0    0   53   96    0   96   79   21   64   36   39   97   30   82   61   41   99   89   84   11    0    0   14    0    8   99   51   99   81   99   63   42   82    6    0   62   72   27   59    0
    0    8   88    0   79   38   83   41   27    0    0   87   53   84    0    0   28    0   41   14   48    4    1   45   53   32    0   39    8    0   91   93    6    0    0   16   85   33   28   51   63   90    5   24   41
   97    0    0   87   75    0   86    0    0   98    0   36    6   62   34   65   86    0   75   63    0   16   88    0    0    0   15    0   99   91    0   20    9   51   64   34   16   51   53    0   30   36    0   25    9
   59   73    0    0   47    7   73   78   46    0   18   73   31   91    0   74    6    0   65   82   88    0   72  100    0    0   69   74   51   93   20    0   22    0   74    7   57   48   78    0   93    5    0    0   40
    0    0   94   69    0   15   31   54   64   45    0    0   58   78   94   83   29    0   15    0    0   88   78    0   18    0   99   10   99    6    9   22    0    0   42    0    0   90    0    0   89   92   50   19   12
   80   95   74   53   31   68   62    8    0   69    0    0    0    0   40   34   36   87    9   90   23   38   18   84   48   52   20    0   81    0   51    0    0    0   87   40    0   34    7   67   69   45    0   39    0
    0    0    8   63   42   17    0   20   63   19    0   19   94    0   15   23   27   56   10   65   99    0    0    2    0   79   83   21   99    0   64   74   42   87    0   77   34    1   45    0    7   54   38   70   17
   29    0   53   38    1   73   11   98   43   80   33    0   35   91    4   89   90    0   42   45   98   87   13    0    4   94   88   25   63   16   34    7    0   40   77    0    0    0    0   57   20    0   62    0    0
    9    8   63    0    7    0   64   56   25   62   82    0    0   74   44   25    0   86   13    0   58    0   17   20   55   82    0   68   42   85   16   57    0    0   34    0    0    0    0   89    0    0   75   17   25
    0    0    0   68    8   70    5    0    2   47   23   15   95   96   95   88    4   44    0   27   93   50   80   23   60    1   70   85   82   33   51   48   90   34    1    0    0    0    1   53    0   36    2    0   77
   69   46    0    0   96    0   43   59  100   88   54   73    0   45   17    0    0   11    3   56    0   28    0   67    0   60   33   17    6   28   53   78    0    7   45    0    0    1    0   16   66    0   70    0   79
   20    0   18   86   29   73   31   62    0   34   35   64   83    0    6    0    5    0    0    0   42   45    0    0   73   73   20   90    0   51    0    0    0   67    0   57   89   53   16    0   34    0   24    7    7
    0   78   18   23   46   82    0   73    0   27    0   47    0    0   72   77   30   74    0    0   14   36   57   29    0   50    0   27   62   63   30   93   89   69    7   20    0    0   66   34    0    0   70    0   92
    0   26   98   23   37    0   14   15   52   65    9    0    0    0    0   52    0    0   22    0   73   40    0   86   94   82    0    6   72   90   36    5   92   45   54    0    0   36    0    0    0    0    0    0   21
   29    0    0    0   38   77    8    0   26    0  100   26   54   94   51   59    0    0   76   94   16   57   17    0   15   33    0   82   27    5    0    0   50    0   38   62   75    2   70   24   70    0    0   18   68
   35   22   60   32   18    0    0   76   14   78   11    4   37   27   45   71   45   40   11   75   75   11    0    0   15   78   78   48   59   24   25    0   19   39   70    0   17    0    0    7    0    0   18    0   43
    0    0   17   21   36   21   65   54   42   62   10   63   82   91   27    0   63    0    0   49   56   43   45   81   61    5   43   72    0   41    9   40   12    0   17    0   25   77   79    7   92   21   68   43    0
