QBPP_HJ*_40_075_10_1
40 209 10
45 46 27 17 15 5 20 9 2 45 1 44 15 46 27 47 30 9 28 32 25 41 30 19 46 18 33 4 18 46 39 47 15 15 42 15 2 30 16 34
    0   14   -8  -34    8    0  -37  -46   43    0    8  -50    0    3  -49   23    0    0  -14    0  -50    0  -24   22  -16    0  -38  -13   19  -14   40    0  -27   -6    0   13   44  -29   26   29
   14    0  -45   24  -32  -32  -38  -13    0   50   33    0   24   43   47  -39   50    0    0  -13   -3  -34   27  -28    0   38    0    0  -20    0   -7   -9  -33   14    0   31  -25  -26   43   39
   -8  -45    0    3   40  -34   44   20   38    0  -18   39   15   43    0  -31  -27    2    0    0    0   38   -1    0    0   -3   17    0   19   -3    0    0   -5   42   -2    0    0   34    0   22
  -34   24    3    0    0   49    9   45  -29   24    0  -37    4   -9  -50  -45   48   21   -3   49  -28   43    0    0   19  -12    0    0   18    0    0   42  -14  -50  -41  -12   20   43    0   38
    8  -32   40    0    0    7    0  -37  -29    1    0   25   -2   13   -3  -40    0    0    0    0   47  -47  -31  -37    0    8    0   46    0   14    0  -47  -43   38    0  -39  -29    0    0   44
    0  -32  -34   49    7    0    3   49   -5   22   22  -33  -21   -4  -11  -26   -7   41   33    0    0   35  -10   24   -9    4   27   32  -28  -14    0   16   45  -47  -37   12  -35  -20    0  -48
  -37  -38   44    9    0    3    0    0    0    0   12    0    3   11  -15  -46  -36  -30    0  -16   32  -48   23   42   23    0  -45  -18   26  -12    0    0  -37  -28    0  -24  -35   14   -6   50
  -46  -13   20   45  -37   49    0    0  -41   37    0    0   -9    0    6   41  -34    0    0   26    0   -2   31    7   19   37   23   11   31   -4    5  -30   26    0    0    0    0    0   49    0
   43    0   38  -29  -29   -5    0  -41    0    0   41  -18   -2  -13   24    0    2  -27  -48  -24  -28    0  -47    2    0   27   -8   -8    0  -22   45  -29  -42   34    4   45  -48   46  -24    8
    0   50    0   24    1   22    0   37    0    0  -26    0   28   33    0   32   49    0    2  -39  -32   21  -40   22  -44  -36    0   49   23  -50    7    0   -9   11   39    0  -29   11  -21   45
    8   33  -18    0    0   22   12    0   41  -26    0    0   28   30    0  -49    0  -36    0    0   31    6    0  -32   38    0  -28  -30    0  -49  -49   19   35   44   29    8   24    5    0  -12
  -50    0   39  -37   25  -33    0    0  -18    0    0    0  -35  -18  -36   39  -27  -34  -37    0    0  -28   34   11  -32   -7  -45   35   22  -27   40    0  -28    0  -11   -2    0  -34  -11  -32
    0   24   15    4   -2  -21    3   -9   -2   28   28  -35    0  -46   17  -37  -22   39  -46    0    0  -10    0    0  -16    0    8   44    0   23  -31   21  -25   43   -2   48   32   45   15  -42
    3   43   43   -9   13   -4   11    0  -13   33   30  -18  -46    0  -13   45  -44    0   21   10   40   30  -47   24   24  -36   40    0    4    3    3  -32    0  -41   -6   35   -7  -36   33   42
  -49   47    0  -50   -3  -11  -15    6   24    0    0  -36   17  -13    0    0    0  -33   24  -50    0  -45  -13  -14   16    0   12  -24  -17   23    0  -30   21    0    3   34  -46  -42  -25    5
   23  -39  -31  -45  -40  -26  -46   41    0   32  -49   39  -37   45    0    0   32  -35  -39    7   34   13    0    0   24    0    0    0    7   32   -6   15   31  -28  -25   29  -30    0   38  -18
    0   50  -27   48    0   -7  -36  -34    2   49    0  -27  -22  -44    0   32    0    0   44   34    0  -39   44   33   -4  -42    0  -24    0    0    0   -6    5   -2   49   21   16   39    2   14
    0    0    2   21    0   41  -30    0  -27    0  -36  -34   39    0  -33  -35    0    0   41  -50  -14   50    0  -29    1  -23  -43    0  -40  -46    0  -13   30  -30    2    3  -19   34  -16   -6
  -14    0    0   -3    0   33    0    0  -48    2    0  -37  -46   21   24  -39   44   41    0   -2   -1    0  -45  -38    0    0  -14  -37  -35    0    3    3   19   36   26    0    0  -37    0   27
    0  -13    0   49    0    0  -16   26  -24  -39    0    0    0   10  -50    7   34  -50   -2    0  -37    0   25    0   42    0  -45    0    0    5  -35  -24   26    0   -4   12   28   27    0   37
  -50   -3    0  -28   47    0   32    0  -28  -32   31    0    0   40    0   34    0  -14   -1  -37    0   34   24  -46   48  -41  -19    1  -20    0    0  -26   43   25    0  -21  -10   29   15    0
    0  -34   38   43  -47   35  -48   -2    0   21    6  -28  -10   30  -45   13  -39   50    0    0   34    0    0  -49  -41   28    0   -1  -15    0    2  -49   33  -48  -48   38  -20  -11  -43  -27
  -24   27   -1    0  -31  -10   23   31  -47  -40    0   34    0  -47  -13    0   44    0  -45   25   24    0    0  -10    9   21    0   29   10   50   42   45   -8    0  -28   37    0   40    0   26
   22  -28    0    0  -37   24   42    7    2   22  -32   11    0   24  -14    0   33  -29  -38    0  -46  -49  -10    0   33    0   17    0    0  -43    6    3   12  -29  -18    3   22  -34  -24   40
  -16    0    0   19    0   -9   23   19    0  -44   38  -32  -16   24   16   24   -4    1    0   42   48  -41    9   33    0   45   32    0  -10  -36  -26  -33  -45    0   28   12  -25    0  -48    5
    0   38   -3  -12    8    4    0   37   27  -36    0   -7    0  -36    0    0  -42  -23    0    0  -41   28   21    0   45    0  -33    0   10  -15  -28  -14   25   28  -20  -18   33   21   16   -6
  -38    0   17    0    0   27  -45   23   -8    0  -28  -45    8   40   12    0    0  -43  -14  -45  -19    0    0   17   32  -33    0   20    3   47   42    0   29  -16  -17    0    0  -37  -35   26
  -13    0    0    0   46   32  -18   11   -8   49  -30   35   44    0  -24    0  -24    0  -37    0    1   -1   29    0    0    0   20    0   11    0   19  -46    0   24   -4  -13   20   47  -30    0
   19  -20   19   18    0  -28   26   31    0   23    0   22    0    4  -17    7    0  -40  -35    0  -20  -15   10    0  -10   10    3   11    0    0   31   32  -25   16   50   32   45    0    0   48
  -14    0   -3    0   14  -14  -12   -4  -22  -50  -49  -27   23    3   23   32    0  -46    0    5    0    0   50  -43  -36  -15   47    0    0    0    0    0  -10   -5    0    0    0  -50    0   26
   40   -7    0    0    0    0    0    5   45    7  -49   40  -31    3    0   -6    0    0    3  -35    0    2   42    6  -26  -28   42   19   31    0    0  -40  -45   14   33   26   32    0   15  -14
    0   -9    0   42  -47   16    0  -30  -29    0   19    0   21  -32  -30   15   -6  -13    3  -24  -26  -49   45    3  -33  -14    0  -46   32    0  -40    0    0  -20  -36   17    0   42   39   49
  -27  -33   -5  -14  -43   45  -37   26  -42   -9   35  -28  -25    0   21   31    5   30   19   26   43   33   -8   12  -45   25   29    0  -25  -10  -45    0    0   26   12  -41   32   22   14   -7
   -6   14   42  -50   38  -47  -28    0   34   11   44    0   43  -41    0  -28   -2  -30   36    0   25  -48    0  -29    0   28  -16   24   16   -5   14  -20   26    0   -9   15   15  -48    0   16
    0    0   -2  -41    0  -37    0    0    4   39   29  -11   -2   -6    3  -25   49    2   26   -4    0  -48  -28  -18   28  -20  -17   -4   50    0   33  -36   12   -9    0   41   17  -20  -10  -45
   13   31    0  -12  -39   12  -24    0   45    0    8   -2   48   35   34   29   21    3    0   12  -21   38   37    3   12  -18    0  -13   32    0   26   17  -41   15   41    0    0   44  -47  -31
   44  -25    0   20  -29  -35  -35    0  -48  -29   24    0   32   -7  -46  -30   16  -19    0   28  -10  -20    0   22  -25   33    0   20   45    0   32    0   32   15   17    0    0   18    0    0
  -29  -26   34   43    0  -20   14    0   46   11    5  -34   45  -36  -42    0   39   34  -37   27   29  -11   40  -34    0   21  -37   47    0  -50    0   42   22  -48  -20   44   18    0    0    0
   26   43    0    0    0    0   -6   49  -24  -21    0  -11   15   33  -25   38    2  -16    0    0   15  -43    0  -24  -48   16  -35  -30    0    0   15   39   14    0  -10  -47    0    0    0   26
   29   39   22   38   44  -48   50    0    8   45  -12  -32  -42   42    5  -18   14   -6   27   37    0  -27   26   40    5   -6   26    0   48   26  -14   49   -7   16  -45  -31    0    0   26    0
