QBPP_HJ*_25_050_10_2
25 134 12
22 36 45 29 24 10 24 49 15 3 12 47 34 25 46 4 33 36 49 26 26 3 38 2 31
    0  -36  -45   26  -48   -9   -2   35  -22    0    0    0    0    0   -8    0   49  -42   40    0    0    0    0  -43    9
  -36    0   41   -7    0    0    0   15   34  -42    0   -3    0    0    0   22    0   19   48   47    0    0  -37    0  -21
  -45   41    0    0    0   -1   15    0    0    0   19  -43    0    0   39    0    0   36    0    0  -36    0    0    0  -46
   26   -7    0    0    0   39    0    3  -38  -50    9  -27    0  -50    0   -8    0    0    0   -9  -17  -17   11    0  -10
  -48    0    0    0    0    0   15    4    0   13   33    7  -10   28  -48  -36    0    0   21    0    0    0   -7  -24    0
   -9    0   -1   39    0    0    0   11    0  -23   49  -25    0    0    0    1    0    0    0   44    0    0    0    0    0
   -2    0   15    0   15    0    0  -26   39    0  -12    0   -4    0    0  -28   42    0    0  -12    4    0    0    0   29
   35   15    0    3    4   11  -26    0    0   37    0    0  -35   -9   37   32    9    0   41    0    0   45    0  -22   41
  -22   34    0  -38    0    0   39    0    0  -39    0    0    0   15  -30    0   -6    4    0   46  -17  -43  -33    0    0
    0  -42    0  -50   13  -23    0   37  -39    0    1   -9    0   45  -17   26    0   43   35    0  -32   13   50  -24    0
    0    0   19    9   33   49  -12    0    0    1    0    7  -24    0  -26  -18    0    0  -21    4    0    0    0  -36    0
    0   -3  -43  -27    7  -25    0    0    0   -9    7    0    9  -12    0   -3    0    0   25   48  -29  -25    0  -32    0
    0    0    0    0  -10    0   -4  -35    0    0  -24    9    0    0    0  -49    0    0    0    0    0  -49   -1   27  -48
    0    0    0  -50   28    0    0   -9   15   45    0  -12    0    0  -23    0   39    0    0    0    0   14   22    0  -26
   -8    0   39    0  -48    0    0   37  -30  -17  -26    0    0  -23    0    0    0    0  -42    0    5  -34    0    0    0
    0   22    0   -8  -36    1  -28   32    0   26  -18   -3  -49    0    0    0  -49    4    4    0  -20  -38  -23    0   -3
   49    0    0    0    0    0   42    9   -6    0    0    0    0   39    0  -49    0    0   -2   29   10    0    8    0    1
  -42   19   36    0    0    0    0    0    4   43    0    0    0    0    0    4    0    0    2  -42   34   47    0   29    0
   40   48    0    0   21    0    0   41    0   35  -21   25    0    0  -42    4   -2    2    0  -32   21  -24  -18   47    0
    0   47    0   -9    0   44  -12    0   46    0    4   48    0    0    0    0   29  -42  -32    0    0    0   -4    0  -13
    0    0  -36  -17    0    0    4    0  -17  -32    0  -29    0    0    5  -20   10   34   21    0    0    0    0   48    0
    0    0    0  -17    0    0    0   45  -43   13    0  -25  -49   14  -34  -38    0   47  -24    0    0    0   -8  -16    0
    0  -37    0   11   -7    0    0    0  -33   50    0    0   -1   22    0  -23    8    0  -18   -4    0   -8    0    0    0
  -43    0    0    0  -24    0    0  -22    0  -24  -36  -32   27    0    0    0    0   29   47    0   48  -16    0    0    0
    9  -21  -46  -10    0    0   29   41    0    0    0    0  -48  -26    0   -3    1    0    0  -13    0    0    0    0    0
