QBPP_HJ*_35_075_10_2
35 168 21
38 42 16 25 25 19 18 43 12 44 11 1 37 13 32 3 34 28 23 47 23 11 1 11 27 47 8 28 37 7 33 46 28 11 8
    0    8   50    0   -3   35  -22  -31    0  -48   46   50  -48    0    0  -44   16    0  -14   23  -26  -49   39    7   19    0   28    0   -1    0   20   16   -1    0  -40
    8    0  -14   -6   41   -4  -28   -4    0   44    0    7  -49    0  -50    0   12   43  -22  -41   15  -41  -23   30   17  -36    0   43  -42  -30   16   -9   -6   29    0
   50  -14    0  -14   41  -33   13   11  -43   13    0   11  -29    7    0   -5    0   27    0    0  -28   24   17  -36    0    0  -10   21   26    8  -34   17  -17  -48  -46
    0   -6  -14    0   38  -19  -19    0    0  -23    0    0  -13  -10  -27  -10    0   12   45  -24  -41   -8    0    0   23  -19    0  -38   16  -34   46   29  -18   11  -23
   -3   41   41   38    0  -14  -43   33    0    0    0  -42   22  -26   -5   47   37  -36   -5   30   -7  -45  -18    0  -36  -47  -48  -15  -30   35  -23   -4   38   38    2
   35   -4  -33  -19  -14    0  -44   41   35    0  -37    0   22    0   28   45    0    0    0  -39    6   -3  -39  -46  -19   -1  -35    0    0  -36    0   17  -49    3  -33
  -22  -28   13  -19  -43  -44    0  -14   18   16   42   13  -15    0   21    0    0   36   29  -30   14  -26    0  -45   42  -26    0  -34  -46    7   18    0    0   38  -44
  -31   -4   11    0   33   41  -14    0  -23    0  -36   28   49   -4    9    9   -1    0    0    0    4    5   -2   39  -47    0  -48  -10  -46   44    0  -15    0  -19   41
    0    0  -43    0    0   35   18  -23    0  -40   37   38  -40   20    0  -17   -7   -9    0    0    0    5  -25  -19    0    0  -40   -8  -24    0  -46    0  -12    0    0
  -48   44   13  -23    0    0   16    0  -40    0  -41  -31   27   11   49    0   11    0   -4    7   -4  -29    0   28    0    0  -25    0   -5   44    4   40  -19  -45   21
   46    0    0    0    0  -37   42  -36   37  -41    0   -9  -24    1  -22    0   -5    0   -7  -48    0  -37   20  -15    3    5    0   30  -26   12    0   21   25    5  -42
   50    7   11    0  -42    0   13   28   38  -31   -9    0   42   19  -12   -2    0  -18    0   39  -43  -10   29    0  -23    0  -22    0   -1   -1  -26    0   47   11   13
  -48  -49  -29  -13   22   22  -15   49  -40   27  -24   42    0   41   44  -37   39   49  -10  -37   40  -10  -47  -37   -9   24   31  -18    0    0   15    2   -4    3   15
    0    0    7  -10  -26    0    0   -4   20   11    1   19   41    0   -6    0    0   32   -5    0  -25  -45  -11  -39    0    0   47   40   -1  -37   -4    0  -44  -40  -29
    0  -50    0  -27   -5   28   21    9    0   49  -22  -12   44   -6    0  -48   -8   19  -13  -31  -28  -18   39    0    0    0   13   45  -21  -39  -11    0  -17   29   47
  -44    0   -5  -10   47   45    0    9  -17    0    0   -2  -37    0  -48    0  -35   24  -11  -28   11    0  -10  -21    0  -36    0    0    0  -10   -2   26   45    0   -8
   16   12    0    0   37    0    0   -1   -7   11   -5    0   39    0   -8  -35    0    0  -23   -1  -46  -32  -42  -47    0    0   12   11   28   18    0    0   40    0  -10
    0   43   27   12  -36    0   36    0   -9    0    0  -18   49   32   19   24    0    0   49   25  -50   17    6   -6  -27    6    5  -31   18   37   -2  -32   22    0  -12
  -14  -22    0   45   -5    0   29    0    0   -4   -7    0  -10   -5  -13  -11  -23   49    0    0  -23   45   50    0   10   20   -3    0   -6   34    0    0    1   46  -24
   23  -41    0  -24   30  -39  -30    0    0    7  -48   39  -37    0  -31  -28   -1   25    0    0   35    0    3  -30   13   16  -23    0    0   42   33  -39    0  -31    0
  -26   15  -28  -41   -7    6   14    4    0   -4    0  -43   40  -25  -28   11  -46  -50  -23   35    0    4  -14  -33  -31   40   14    0   22    0  -10   21    0    0   39
  -49  -41   24   -8  -45   -3  -26    5    5  -29  -37  -10  -10  -45  -18    0  -32   17   45    0    4    0    0  -38   16  -44    3  -30   14    0   22    0   37   38    0
   39  -23   17    0  -18  -39    0   -2  -25    0   20   29  -47  -11   39  -10  -42    6   50    3  -14    0    0   36   12  -36   -7   15  -34   45   44    0  -21   -4   29
    7   30  -36    0    0  -46  -45   39  -19   28  -15    0  -37  -39    0  -21  -47   -6    0  -30  -33  -38   36    0   32   32   26   -3    0  -44  -25   41   43   40  -23
   19   17    0   23  -36  -19   42  -47    0    0    3  -23   -9    0    0    0    0  -27   10   13  -31   16   12   32    0   37  -24  -23   16    7  -44  -16   17  -45   20
    0  -36    0  -19  -47   -1  -26    0    0    0    5    0   24    0    0  -36    0    6   20   16   40  -44  -36   32   37    0    0   39    0   33   22  -19  -33  -13   24
   28    0  -10    0  -48  -35    0  -48  -40  -25    0  -22   31   47   13    0   12    5   -3  -23   14    3   -7   26  -24    0    0    0  -34   42  -13   40  -10  -16    0
    0   43   21  -38  -15    0  -34  -10   -8    0   30    0  -18   40   45    0   11  -31    0    0    0  -30   15   -3  -23   39    0    0    7    0    0   40  -43    0   43
   -1  -42   26   16  -30    0  -46  -46  -24   -5  -26   -1    0   -1  -21    0   28   18   -6    0   22   14  -34    0   16    0  -34    7    0   39   34  -32   37   -8    0
    0  -30    8  -34   35  -36    7   44    0   44   12   -1    0  -37  -39  -10   18   37   34   42    0    0   45  -44    7   33   42    0   39    0  -15    0    0   -6    0
   20   16  -34   46  -23    0   18    0  -46    4    0  -26   15   -4  -11   -2    0   -2    0   33  -10   22   44  -25  -44   22  -13    0   34  -15    0  -15    0  -15   47
   16   -9   17   29   -4   17    0  -15    0   40   21    0    2    0    0   26    0  -32    0  -39   21    0    0   41  -16  -19   40   40  -32    0  -15    0  -29  -45   44
   -1   -6  -17  -18   38  -49    0    0  -12  -19   25   47   -4  -44  -17   45   40   22    1    0    0   37  -21   43   17  -33  -10  -43   37    0    0  -29    0   31  -25
    0   29  -48   11   38    3   38  -19    0  -45    5   11    3  -40   29    0    0    0   46  -31    0   38   -4   40  -45  -13  -16    0   -8   -6  -15  -45   31    0    0
  -40    0  -46  -23    2  -33  -44   41    0   21  -42   13   15  -29   47   -8  -10  -12  -24    0   39    0   29  -23   20   24    0   43    0    0   47   44  -25    0    0
