QBPP_HJ-_45_050_20_4
45 114 4218
1 16 49 13 17 10 3 31 22 25 21 36 29 2 15 30 50 15 18 40 39 50 34 46 49 42 6 30 26 11 4 4 23 47 28 36 41 35 32 22 45 5 11 18 9
     0     0   -38     0   -68     0     0     0     0     0   -99     0     0     0    -9   -57     0     0     0    -4     0     0   -48   -53     0   -45     0     0     0   -18     0   -58     0     0   -89     0     0     0   -64    -8     0     0   -28   -65     0
     0     0   -92   -86   -13   -30   -36   -75     0   -23   -92   -68     0     0   -67     0   -29   -16     0    -5     0   -10   -98     0     0     0    -1     0     0     0     0     0   -16   -37   -96     0   -67   -31     0     0     0     0     0     0     0
   -38   -92     0   -55     0     0   -83     0     0   -52   -37   -23   -48    -1   -88     0   -41     0   -46   -37   -92     0   -61   -14     0     0   -69   -73   -95   -89   -93     0   -97     0   -12   -19    -3     0   -53     0   -24     0     0     0     0
     0   -86   -55     0   -64   -68   -78   -60     0   -93   -24   -45   -14     0   -77     0   -91     0     0     0     0     0   -98   -15     0   -92   -84   -79  -100   -44   -75   -21   -96     0     0   -43     0     0   -55   -60   -76     0     0     0   -28
   -68   -13     0   -64     0     0     0     0     0     0     0     0     0   -76    -5     0    -3     0   -66     0     0     0     0   -89   -76   -97   -72     0   -47     0   -21     0   -40     0     0     0     0   -98   -58   -49   -74   -49     0     0   -75
     0   -30     0   -68     0     0   -92     0   -82     0     0   -23     0   -49   -82   -22   -23     0   -70   -57     0     0   -97     0     0     0     0   -29     0   -63     0     0   -39     0   -63   -88   -16   -65   -63     0     0     0   -47   -40     0
     0   -36   -83   -78     0   -92     0   -25     0     0     0   -26   -14   -34     0   -13     0     0     0   -34     0   -89     0   -85     0     0     0   -54   -80     0   -85     0   -47   -50   -24     0   -30   -23     0   -30   -42     0    -7   -82     0
     0   -75     0   -60     0     0   -25     0     0    -7   -48     0   -10     0     0   -43   -75   -56   -54     0     0   -82   -61     0     0     0   -25     0   -84   -68     0     0   -93   -66     0     0     0   -52   -65   -52   -47     0     0   -15     0
     0     0     0     0     0   -82     0     0     0     0     0   -53     0   -21     0     0     0     0   -82   -62     0     0     0     0     0     0     0    -1   -33   -72     0     0   -13     0   -30   -87     0     0     0     0     0     0     0     0   -83
     0   -23   -52   -93     0     0     0    -7     0     0     0   -87   -15     0   -64   -86   -44   -68   -63     0   -42     0   -32   -51   -44   -51   -83     0     0     0   -66     0     0     0     0     0     0   -84     0     0     0     0     0   -39    -4
   -99   -92   -37   -24     0     0     0   -48     0     0     0    -7     0   -15   -40     0     0    -3     0    -7     0     0     0   -22   -16    -9     0   -73   -77     0     0   -96     0     0   -94   -94     0     0    -8     0     0     0   -46     0   -37
     0   -68   -23   -45     0   -23   -26     0   -53   -87    -7     0    -7   -62     0     0   -89     0     0   -43     0   -81     0     0   -90     0   -39     0   -65   -54   -14   -36     0     0     0   -99     0     0     0   -12   -27   -39   -71   -58     0
     0     0   -48   -14     0     0   -14   -10     0   -15     0    -7     0     0   -98   -50   -20   -17   -24     0   -52     0   -99   -82     0   -75   -24   -61   -47     0     0   -29   -85   -29     0   -52     0     0     0   -39   -14   -78   -89   -86   -99
     0     0    -1     0   -76   -49   -34     0   -21     0   -15   -62     0     0     0    -9     0   -51     0     0   -74     0   -71     0     0     0   -30     0   -14   -88   -53   -41   -34     0     0     0   -98     0   -89     0     0  -100   -82   -68     0
    -9   -67   -88   -77    -5   -82     0     0     0   -64   -40     0   -98     0     0     0     0   -21     0   -97   -47    -8   -72    -3   -80   -84     0     0     0    -8   -89   -65   -85   -80     0     0   -98   -74   -53   -16     0     0   -52     0     0
   -57     0     0     0     0   -22   -13   -43     0   -86     0     0   -50    -9     0     0     0   -21   -15   -12   -42     0     0     0     0     0   -70   -65   -80     0    -8     0   -19     0   -22   -14     0   -25     0     0     0     0     0   -86     0
     0   -29   -41   -91    -3   -23     0   -75     0   -44     0   -89   -20     0     0     0     0   -49   -82   -61   -14  -100   -33     0     0   -44   -35   -88   -99     0     0   -64   -91     0   -38     0     0     0     0     0   -14     0     0   -19     0
     0   -16     0     0     0     0     0   -56     0   -68    -3     0   -17   -51   -21   -21   -49     0   -16   -36     0     0     0   -68   -46     0   -76   -53     0     0     0     0     0   -71     0   -60     0     0     0   -31     0     0   -30     0   -62
     0     0   -46     0   -66   -70     0   -54   -82   -63     0     0   -24     0     0   -15   -82   -16     0   -98   -30     0     0     0   -86     0     0     0     0     0     0   -82   -62   -47     0     0   -19     0     0     0   -15     0   -99     0   -23
    -4    -5   -37     0     0   -57   -34     0   -62     0    -7   -43     0     0   -97   -12   -61   -36   -98     0   -94   -19     0   -62     0     0   -43     0   -98     0   -13     0   -35   -44     0     0   -53     0     0     0   -53     0   -59   -84    -2
     0     0   -92     0     0     0     0     0     0   -42     0     0   -52   -74   -47   -42   -14     0   -30   -94     0   -53     0   -95   -82   -77     0   -55   -61   -29   -94   -60   -18     0     0     0     0     0     0   -61   -49   -42    -2   -19     0
     0   -10     0     0     0     0   -89   -82     0     0     0   -81     0     0    -8     0  -100     0     0   -19   -53     0   -34   -71     0     0   -36     0   -61    -1   -69     0   -11   -93     0     0     0   -22     0   -11     0    -7   -50     0   -43
   -48   -98   -61   -98     0   -97     0   -61     0   -32     0     0   -99   -71   -72     0   -33     0     0     0     0   -34     0   -93   -58     0   -63     0     0     0   -46   -46   -49     0     0   -45   -14    -5   -94   -71     0   -49   -23   -26   -54
   -53     0   -14   -15   -89     0   -85     0     0   -51   -22     0   -82     0    -3     0     0   -68     0   -62   -95   -71   -93     0    -5     0   -91     0   -28   -43   -65   -20     0   -39     0     0   -82   -11   -89     0    -4     0   -20   -53     0
     0     0     0     0   -76     0     0     0     0   -44   -16   -90     0     0   -80     0     0   -46   -86     0   -82     0   -58    -5     0   -38   -89     0     0    -4     0     0     0     0   -29   -58     0     0   -35     0     0   -69   -47   -93   -52
   -45     0     0   -92   -97     0     0     0     0   -51    -9     0   -75     0   -84     0   -44     0     0     0   -77     0     0     0   -38     0   -87   -24     0     0   -71   -48     0     0   -12     0     0   -40   -82     0     0   -82     0     0   -11
     0    -1   -69   -84   -72     0     0   -25     0   -83     0   -39   -24   -30     0   -70   -35   -76     0   -43     0   -36   -63   -91   -89   -87     0   -70   -51   -57    -7     0   -76     0   -53     0   -59   -52   -13   -42     0   -58   -65     0  -100
     0     0   -73   -79     0   -29   -54     0    -1     0   -73     0   -61     0     0   -65   -88   -53     0     0   -55     0     0     0     0   -24   -70     0    -8     0   -88     0     0     0     0    -7   -91   -34   -84   -89   -81   -96     0   -80     0
     0     0   -95  -100   -47     0   -80   -84   -33     0   -77   -65   -47   -14     0   -80   -99     0     0   -98   -61   -61     0   -28     0     0   -51    -8     0     0   -72     0     0     0     0     0     0     0     0   -71     0   -60   -21   -22     0
   -18     0   -89   -44     0   -63     0   -68   -72     0     0   -54     0   -88    -8     0     0     0     0     0   -29    -1     0   -43    -4     0   -57     0     0     0     0   -10     0   -72   -59   -79   -23     0     0   -97     0     0     0   -39   -91
     0     0   -93   -75   -21     0   -85     0     0   -66     0   -14     0   -53   -89    -8     0     0     0   -13   -94   -69   -46   -65     0   -71    -7   -88   -72     0     0     0     0   -42   -10     0   -55     0   -19   -19     0     0   -13   -41     0
   -58     0     0   -21     0     0     0     0     0     0   -96   -36   -29   -41   -65     0   -64     0   -82     0   -60     0   -46   -20     0   -48     0     0     0   -10     0     0     0     0   -84     0     0   -66    -6     0     0   -19     0    -9     0
     0   -16   -97   -96   -40   -39   -47   -93   -13     0     0     0   -85   -34   -85   -19   -91     0   -62   -35   -18   -11   -49     0     0     0   -76     0     0     0     0     0     0   -84   -15     0   -90     0   -84     0     0     0   -90   -55     0
     0   -37     0     0     0     0   -50   -66     0     0     0     0   -29     0   -80     0     0   -71   -47   -44     0   -93     0   -39     0     0     0     0     0   -72   -42     0   -84     0     0     0     0   -92   -41     0   -50     0     0   -65     0
   -89   -96   -12     0     0   -63   -24     0   -30     0   -94     0     0     0     0   -22   -38     0     0     0     0     0     0     0   -29   -12   -53     0     0   -59   -10   -84   -15     0     0     0   -33     0     0     0   -63   -63   -29  -100     0
     0     0   -19   -43     0   -88     0     0   -87     0   -94   -99   -52     0     0   -14     0   -60     0     0     0     0   -45     0   -58     0     0    -7     0   -79     0     0     0     0     0     0   -67    -9   -16     0   -63     0    -4  -100   -99
     0   -67    -3     0     0   -16   -30     0     0     0     0     0     0   -98   -98     0     0     0   -19   -53     0     0   -14   -82     0     0   -59   -91     0   -23   -55     0   -90     0   -33   -67     0   -79     0     0     0     0     0     0   -99
     0   -31     0     0   -98   -65   -23   -52     0   -84     0     0     0     0   -74   -25     0     0     0     0     0   -22    -5   -11     0   -40   -52   -34     0     0     0   -66     0   -92     0    -9   -79     0   -27     0   -50     0    -2   -71     0
   -64     0   -53   -55   -58   -63     0   -65     0     0    -8     0     0   -89   -53     0     0     0     0     0     0     0   -94   -89   -35   -82   -13   -84     0     0   -19    -6   -84   -41     0   -16     0   -27     0     0   -82   -10   -71   -71     0
    -8     0     0   -60   -49     0   -30   -52     0     0     0   -12   -39     0   -16     0     0   -31     0     0   -61   -11   -71     0     0     0   -42   -89   -71   -97   -19     0     0     0     0     0     0     0     0     0     0   -29   -36     0     0
     0     0   -24   -76   -74     0   -42   -47     0     0     0   -27   -14     0     0     0   -14     0   -15   -53   -49     0     0    -4     0     0     0   -81     0     0     0     0     0   -50   -63   -63     0   -50   -82     0     0    -8   -34     0   -62
     0     0     0     0   -49     0     0     0     0     0     0   -39   -78  -100     0     0     0     0     0     0   -42    -7   -49     0   -69   -82   -58   -96   -60     0     0   -19     0     0   -63     0     0     0   -10   -29    -8     0     0   -63     0
   -28     0     0     0     0   -47    -7     0     0     0   -46   -71   -89   -82   -52     0     0   -30   -99   -59    -2   -50   -23   -20   -47     0   -65     0   -21     0   -13     0   -90     0   -29    -4     0    -2   -71   -36   -34     0     0   -42   -12
   -65     0     0     0     0   -40   -82   -15     0   -39     0   -58   -86   -68     0   -86   -19     0     0   -84   -19     0   -26   -53   -93     0     0   -80   -22   -39   -41    -9   -55   -65  -100  -100     0   -71   -71     0     0   -63   -42     0   -56
     0     0     0   -28   -75     0     0     0   -83    -4   -37     0   -99     0     0     0     0   -62   -23    -2     0   -43   -54     0   -52   -11  -100     0     0   -91     0     0     0     0     0   -99   -99     0     0     0   -62     0   -12   -56     0
