QBPP_HJ*_30_075_20_3
30 76 114
6 14 38 36 34 46 27 29 15 24 25 33 10 28 3 22 31 8 50 29 34 39 33 37 6 47 11 26 17 1
    0  -21   13   -8    0    3  -48   38    0   -6    0    0    0  -11    0   10    0    0    0  -29   13    2  -46   19  -19  -14    0   43   38    0
  -21    0    0   17   27    0   28    0    0   38   50  -36    4  -12    0  -43  -32   -3    0    0  -28   17  -18  -38  -43   37   36   22   41    2
   13    0    0  -29   27   21   45    0   34  -47  -45    0    0   -5   41   28  -50    6  -30    2   -2    0   17   19    0    0  -44    6  -28    0
   -8   17  -29    0    0  -24  -22  -36   32   30   32   12  -15    0   45  -15  -30    0    2    0  -27   30    6  -22   45   47    0    0    0  -41
    0   27   27    0    0    0   22    0   17  -49  -18    9   -2  -12   16    0   34   15   27  -34  -27    0    0    0  -13    0   47  -39   43   25
    3    0   21  -24    0    0   17  -22    0  -15    0   23    9  -36  -42    5  -25  -43  -48    0  -18  -16  -34  -23    0  -41    0    0  -16   45
  -48   28   45  -22   22   17    0    0  -35  -23  -31    0   42    0    6   23   41  -16    0  -19  -40  -44   39    0   -5    0   31    0    0   34
   38    0    0  -36    0  -22    0    0    0   25    0    0  -23    5  -47   12  -40  -15   13  -12  -18    7   40   26  -21  -30    2    0   -5   31
    0    0   34   32   17    0  -35    0    0   -3   34    0  -19   33  -28  -34   46  -38  -50   44    0   34   -6    0   47   11  -30   40  -26    0
   -6   38  -47   30  -49  -15  -23   25   -3    0   -3   -4    0   17  -22    0   -4  -39    3   -8    0   38   42    0  -44   45    1  -12   21  -30
    0   50  -45   32  -18    0  -31    0   34   -3    0    0  -19   42   20  -21    0    0  -37  -30    0    0   24  -33    5  -37  -27   24   34  -14
    0  -36    0   12    9   23    0    0    0   -4    0    0  -11   13   -1   10   45  -13    0   44    0  -37   -3   20    0    8   20    0  -45  -31
    0    4    0  -15   -2    9   42  -23  -19    0  -19  -11    0   26   50   24   -5    0   41   31  -31  -33   13    0   25   46    9   45   36   45
  -11  -12   -5    0  -12  -36    0    5   33   17   42   13   26    0   24    2  -31  -23   32   41    0    0    2   12  -11  -13    0    9   44    0
    0    0   41   45   16  -42    6  -47  -28  -22   20   -1   50   24    0  -50    0  -46  -40   -7    0   10   21  -40    0   -6    0    0  -19    0
   10  -43   28  -15    0    5   23   12  -34    0  -21   10   24    2  -50    0   48   18   -4  -24  -42   22   44    1   -2   47  -46   -3    0  -25
    0  -32  -50  -30   34  -25   41  -40   46   -4    0   45   -5  -31    0   48    0  -37  -17    0   14    8    1    0   41  -13    0    9  -49   28
    0   -3    6    0   15  -43  -16  -15  -38  -39    0  -13    0  -23  -46   18  -37    0  -22   -4   27   25   -1  -27   48  -19  -19   12    0    0
    0    0  -30    2   27  -48    0   13  -50    3  -37    0   41   32  -40   -4  -17  -22    0    0  -48    0    0  -50  -26   -2    0  -48   29   30
  -29    0    2    0  -34    0  -19  -12   44   -8  -30   44   31   41   -7  -24    0   -4    0    0    0   -7  -37   26   34   -4   39   37    0  -38
   13  -28   -2  -27  -27  -18  -40  -18    0    0    0    0  -31    0    0  -42   14   27  -48    0    0    0  -14   18  -18   16   -7   17  -32  -24
    2   17    0   30    0  -16  -44    7   34   38    0  -37  -33    0   10   22    8   25    0   -7    0    0  -48  -28    0  -13  -19  -14    0  -38
  -46  -18   17    6    0  -34   39   40   -6   42   24   -3   13    2   21   44    1   -1    0  -37  -14  -48    0  -16  -30   -2    4   34  -10    0
   19  -38   19  -22    0  -23    0   26    0    0  -33   20    0   12  -40    1    0  -27  -50   26   18  -28  -16    0  -33    0   22   -1   26   44
  -19  -43    0   45  -13    0   -5  -21   47  -44    5    0   25  -11    0   -2   41   48  -26   34  -18    0  -30  -33    0  -44  -26    0    3   32
  -14   37    0   47    0  -41    0  -30   11   45  -37    8   46  -13   -6   47  -13  -19   -2   -4   16  -13   -2    0  -44    0  -44   -4    0   -9
    0   36  -44    0   47    0   31    2  -30    1  -27   20    9    0    0  -46    0  -19    0   39   -7  -19    4   22  -26  -44    0  -15  -50    0
   43   22    6    0  -39    0    0    0   40  -12   24    0   45    9    0   -3    9   12  -48   37   17  -14   34   -1    0   -4  -15    0    0    0
   38   41  -28    0   43  -16    0   -5  -26   21   34  -45   36   44  -19    0  -49    0   29    0  -32    0  -10   26    3    0  -50    0    0  -24
    0    2    0  -41   25   45   34   31    0  -30  -14  -31   45    0    0  -25   28    0   30  -38  -24  -38    0   44   32   -9    0    0  -24    0
