QBPP_HJ*_35_050_06_4
35 268 3
27 38 32 1 38 20 5 2 43 28 30 28 10 10 45 7 38 8 4 5 34 4 28 2 28 2 35 22 42 32 31 47 33 23 21
    0  -42  -23  -31    0  -12  -32    3   25   32    0    0   34    7   19    0    6  -48    0   18   -4    0    0   12   -9    0    0  -17  -18    0    0  -37  -30   40   -7
  -42    0    8    0  -14    0    0    0   10   15    0    0   -2    0   47   17    0    0    0   41   34    0    0  -46  -25    0    0    0   13    0   17    0    0    0  -15
  -23    8    0   25   27    0   50  -13    0    0    0    0    0  -17    0    0    0    0   42    0  -49    0   48   49   23   -4    0    5    0    0    0    0   44    0  -21
  -31    0   25    0    0    0    0   35    8   13   -9    0    0  -48    0    4    0   24    0    0   26    0    0  -47    0    0  -26   18  -16  -42   29    0    0  -48   17
    0  -14   27    0    0    0    0    0   39    0   31    0   46    0  -29   36    0    0    0  -36    0  -45  -30    0   30  -22   37    2    0    0    0    0  -30    0    0
  -12    0    0    0    0    0   19    0    0   42    0   17  -38    0   23   25    0    0    0    0    0    0    0  -16  -31    0  -17  -26  -33    0    0    0   17   35    0
  -32    0   50    0    0   19    0  -43    0  -36    0   24    0    0   23   44    0    0    0  -34    0  -38    7    0  -33  -39    0    0    6  -26    0   45  -11  -16    9
    3    0  -13   35    0    0  -43    0   30    0    0    0  -41  -32  -26  -22   28  -37  -40    0   42    0   28   20  -22  -44   44   42    0    0  -21    0  -46   32  -50
   25   10    0    8   39    0    0   30    0    0    0   48    0  -33    0  -31  -22  -30  -29   19    6    0  -45    0    0    0    0    0   11   36   10   12    0   30    0
   32   15    0   13    0   42  -36    0    0    0    0   27    7    0    0    9  -48    0   10  -15   26    0    0    0    0    0  -38    0    0  -50  -36    0    0   -8  -30
    0    0    0   -9   31    0    0    0    0    0    0    0    0   30    0    0   15   -2    6   13    0  -38   47   47    5    0   14   -9  -30   -5    0   38    0  -34    0
    0    0    0    0    0   17   24    0   48   27    0    0   -8    0  -27    0  -21  -12  -15  -38    0    0   16    0  -32   -9    0    0   36    0  -22    0    4  -14    0
   34   -2    0    0   46  -38    0  -41    0    7    0   -8    0  -26  -47    0    0   20    0  -22    0  -40   25    0   16    8    0    0   31  -39    2   13   12   36   44
    7    0  -17  -48    0    0    0  -32  -33    0   30    0  -26    0    0    0  -37    0    0  -10   44    0   48   32   -4    0    7   22    0  -36  -23   37  -34    0   35
   19   47    0    0  -29   23   23  -26    0    0    0  -27  -47    0    0    0    0    3   36   34   19    2   13    0  -21    0   43   -6    0  -20  -30  -47   -4    0  -32
    0   17    0    4   36   25   44  -22  -31    9    0    0    0    0    0    0    0    0    0    0    0    0   36    0    0    0  -45    0  -10  -39    0   -5   -5  -22    8
    6    0    0    0    0    0    0   28  -22  -48   15  -21    0  -37    0    0    0   34    0   46  -34   43    0   26    2    0   45    0   35    0  -48    0    0   29    0
  -48    0    0   24    0    0    0  -37  -30    0   -2  -12   20    0    3    0   34    0    0    1    0    0  -41    0  -39    0    0    0    0  -23    8    0  -29    0  -46
    0    0   42    0    0    0    0  -40  -29   10    6  -15    0    0   36    0    0    0    0    0    0   30  -14    0    0   21    0    0   -8    0  -18  -34   -1    0    0
   18   41    0    0  -36    0  -34    0   19  -15   13  -38  -22  -10   34    0   46    1    0    0  -21  -27   10   15    0  -37    0  -24   15    0  -22  -37    0  -50   35
   -4   34  -49   26    0    0    0   42    6   26    0    0    0   44   19    0  -34    0    0  -21    0    0    0    0   32   22  -39  -21    0    0  -45  -18  -31    0    7
    0    0    0    0  -45    0  -38    0    0    0  -38    0  -40    0    2    0   43    0   30  -27    0    0   46   17    6  -37    0   41    0   42    0  -18  -38    0    0
    0    0   48    0  -30    0    7   28  -45    0   47   16   25   48   13   36    0  -41  -14   10    0   46    0  -16    0    0  -12  -37    0   32   12    0    0   39  -25
   12  -46   49  -47    0  -16    0   20    0    0   47    0    0   32    0    0   26    0    0   15    0   17  -16    0  -20    0   45    0   -1  -40  -13   -5    0  -28    0
   -9  -25   23    0   30  -31  -33  -22    0    0    5  -32   16   -4  -21    0    2  -39    0    0   32    6    0  -20    0   15    0    0    0   30    0  -34    0    0   48
    0    0   -4    0  -22    0  -39  -44    0    0    0   -9    8    0    0    0    0    0   21  -37   22  -37    0    0   15    0  -17    0   37   39    0   16   36    0   -1
    0    0    0  -26   37  -17    0   44    0  -38   14    0    0    7   43  -45   45    0    0    0  -39    0  -12   45    0  -17    0   36   -1    0    9    0   43  -45    0
  -17    0    5   18    2  -26    0   42    0    0   -9    0    0   22   -6    0    0    0    0  -24  -21   41  -37    0    0    0   36    0    0  -44   16    0   28    0  -31
  -18   13    0  -16    0  -33    6    0   11    0  -30   36   31    0    0  -10   35    0   -8   15    0    0    0   -1    0   37   -1    0    0    0    0   13  -29    0   -2
    0    0    0  -42    0    0  -26    0   36  -50   -5    0  -39  -36  -20  -39    0  -23    0    0    0   42   32  -40   30   39    0  -44    0    0    0  -17   34   40    7
    0   17    0   29    0    0    0  -21   10  -36    0  -22    2  -23  -30    0  -48    8  -18  -22  -45    0   12  -13    0    0    9   16    0    0    0  -28  -47   31    0
  -37    0    0    0    0    0   45    0   12    0   38    0   13   37  -47   -5    0    0  -34  -37  -18  -18    0   -5  -34   16    0    0   13  -17  -28    0   -5    0    0
  -30    0   44    0  -30   17  -11  -46    0    0    0    4   12  -34   -4   -5    0  -29   -1    0  -31  -38    0    0    0   36   43   28  -29   34  -47   -5    0    0    0
   40    0    0  -48    0   35  -16   32   30   -8  -34  -14   36    0    0  -22   29    0    0  -50    0    0   39  -28    0    0  -45    0    0   40   31    0    0    0   48
   -7  -15  -21   17    0    0    9  -50    0  -30    0    0   44   35  -32    8    0  -46    0   35    7    0  -25    0   48   -1    0  -31   -2    7    0    0    0   48    0
