QBPP_HJ*_45_050_20_5
45 126 108
14 49 12 37 38 19 15 42 5 4 20 4 19 34 33 5 28 19 24 1 38 41 7 37 47 3 33 34 39 49 35 19 48 48 36 9 12 29 48 41 44 18 21 44 49
    0    0    0    0    0    0    0   -4    0  -12   28    0    0   -8   -7  -40  -35    0    0   44   -3    6   46   -5  -13   32   48   39    0    0    0  -26  -22    0    0   12    0   33    0    0  -20    0  -32    0    0
    0    0    0   30    0   24  -19    0    0    0   -1   10   44  -11  -47  -45    0  -47    0    0    2    0    0  -48   23    0   28  -25    0   36    4    0    4   16    0    0    0    0   49    0    0    0   33    0  -35
    0    0    0    0  -46   11   14    0    0    9    3    0    0    0  -39  -39   25    0   34    0  -34  -16  -21  -23    0    0  -35   25  -32    0   32    0   17  -17    0   17  -39    0  -34    0    0   13   32    0  -20
    0   30    0    0    0    0   17  -26   16  -19   13    0    3    0    0    0  -18   14   21  -30   -6   -1   38  -47  -20   -5    0   22  -37   10    0   23    0    0  -33    0    6    0  -15  -43   27    0    0  -19  -47
    0    0  -46    0    0    0    0   33   19  -50    0    0    0  -31    0   17  -42   22  -19    0    0    2    0  -42    0  -44    0    0   34    0  -24    0    0    0    0  -30    0    0   21   28    0  -23   44  -16  -20
    0   24   11    0    0    0  -22    0    0    0   24    0   29   18    0    0    0    0    0    0   38    0   -7    0   -1  -37  -16    0   23   37    6   16    0    0    0  -16    0    0   34  -22   49  -38    3    0   36
    0  -19   14   17    0  -22    0   -7    0    0    0   10    0    5    0   49   34    0    0   -3    0  -13    0    0   31    0    0   27    0  -18   41    0    0    0    0  -36  -13    9  -11    4    0    0  -48    0  -32
   -4    0    0  -26   33    0   -7    0    0  -47  -38   -6    0    0    1  -36    0  -24    0    0    0  -26   -2    0  -47   26    0   44    0   31   49   16    0    0    0  -23    0   10  -41    0   -7    0    0    0   30
    0    0    0   16   19    0    0    0    0  -38    0    0   11  -27  -33    0    0    3    0    0   19  -37    0   -6    0   35    0   16  -13   48    0  -26    0    0    0    0   31    0  -28    0    0   -4   38    0    0
  -12    0    9  -19  -50    0    0  -47  -38    0   26    0   40    7   -8    0    0   18   24    0    0    0    0  -41   -4   -8   -5    6   -5   -6   23    0    0   19    0    0    8    2    0   40   22    0   25   38    0
   28   -1    3   13    0   24    0  -38    0   26    0    0    0   -3    0   12    0    0    0   43  -49   32    0    0   32   15    0   46  -31    0    8  -25   31  -12    0  -17   27    0    0    0    0  -41   42  -45    1
    0   10    0    0    0    0   10   -6    0    0    0    0    3    0    0  -20   11   17    0    0    0   39    0  -46    1    0    0    0  -50    3  -35    0  -31   14  -13    0   47   29    0  -23    0   28   41    0  -27
    0   44    0    3    0   29    0    0   11   40    0    3    0    0    0   10    0    0   24    8  -50    0   -8    0    0    0  -19    0  -41  -48    0    0    0  -15   24  -40    0    0   31    0  -46    0  -41  -31    0
   -8  -11    0    0  -31   18    5    0  -27    7   -3    0    0    0    0    0  -44    0    0   16   31    0   17    0    0  -16    0    0  -34    0   15   31  -27   -4   16  -32   12    0  -44   -9    0   49    0    0  -38
   -7  -47  -39    0    0    0    0    1  -33   -8    0    0    0    0    0   12    0  -39  -19    0    0   32  -15    0   49    0    0   -4  -23    0    0   -5    7    0  -22    0    0    0    0  -18   -2    0    0    0    0
  -40  -45  -39    0   17    0   49  -36    0    0   12  -20   10    0   12    0    8   30   -8    0   46    0    0    0   23   -3  -14    7   37  -39   -4  -43  -22    0    0    0   -6  -44  -25   28    4  -33    0    5   13
  -35    0   25  -18  -42    0   34    0    0    0    0   11    0  -44    0    8    0  -36  -21    0   26    0    6  -39    0    0   10    0   36    0   40    0   43    0  -14    0    5    0    0    2  -40   32   27   21  -35
    0  -47    0   14   22    0    0  -24    3   18    0   17    0    0  -39   30  -36    0    0  -48    0  -14   11    0    0  -50    0    4   46  -36  -32   44   37  -48   38    0    0   31    0    0   11    9    0    0    0
    0    0   34   21  -19    0    0    0    0   24    0    0   24    0  -19   -8  -21    0    0   17    0   31    0    0  -12   22    3    0    2    0   34   16  -22    0    0    0    0    0   42   46    0   49    0   27  -14
   44    0    0  -30    0    0   -3    0    0    0   43    0    8   16    0    0    0  -48   17    0    0   32    0    0    0    0    0   14    0   28   47    0    0   45    0    0    0    0   25    0    4    0   17   49    0
   -3    2  -34   -6    0   38    0    0   19    0  -49    0  -50   31    0   46   26    0    0    0    0   43   26   25  -36    0    0    0  -25   27    0    0   13    0  -10    0   -4    0    0    0  -48  -46    0   49   27
    6    0  -16   -1    2    0  -13  -26  -37    0   32   39    0    0   32    0    0  -14   31   32   43    0    8   -9  -15    0    0    0   39    0   -5    0   18    0  -45  -46    0  -18   41    0  -41    0    0    0  -34
   46    0  -21   38    0   -7    0   -2    0    0    0    0   -8   17  -15    0    6   11    0    0   26    8    0    0    0  -45  -39    0   16    2    0  -22    0    0    0    0    0    0    5    0    0    0    0   12    0
   -5  -48  -23  -47  -42    0    0    0   -6  -41    0  -46    0    0    0    0  -39    0    0    0   25   -9    0    0    0    0  -10    0    0    0  -32  -41  -31   29    0   -7    0   23    0    0    0   25  -43    0   -4
  -13   23    0  -20    0   -1   31  -47    0   -4   32    1    0    0   49   23    0    0  -12    0  -36  -15    0    0    0   48    4    0    0    0   -9    0  -41   31    0   26    0    0   -2  -12    0    0    0  -22    0
   32    0    0   -5  -44  -37    0   26   35   -8   15    0    0  -16    0   -3    0  -50   22    0    0    0  -45    0   48    0    0    0  -38   46   19   -3    0  -14    0    0    0   43    3    9   10  -16    0   26  -20
   48   28  -35    0    0  -16    0    0    0   -5    0    0  -19    0    0  -14   10    0    3    0    0    0  -39  -10    4    0    0    0   45  -44    0  -28    0    0  -48   30   19  -33    0   12   19  -29    0    0    2
   39  -25   25   22    0    0   27   44   16    6   46    0    0    0   -4    7    0    4    0   14    0    0    0    0    0    0    0    0    0  -26    0    0   35    0  -15    0    0  -22  -33  -19    0  -39   -2    0  -22
    0    0  -32  -37   34   23    0    0  -13   -5  -31  -50  -41  -34  -23   37   36   46    2    0  -25   39   16    0    0  -38   45    0    0    7    0  -46    0    0    0   12    0   24  -12   12  -49   20  -46    0  -36
    0   36    0   10    0   37  -18   31   48   -6    0    3  -48    0    0  -39    0  -36    0   28   27    0    2    0    0   46  -44  -26    7    0    0    0   37    0    0  -28    0    1   20    0    0   14    0    0   -3
    0    4   32    0  -24    6   41   49    0   23    8  -35    0   15    0   -4   40  -32   34   47    0   -5    0  -32   -9   19    0    0    0    0    0  -33    5    6  -16   32  -36   -8    0    0   38    0    0  -20    0
  -26    0    0   23    0   16    0   16  -26    0  -25    0    0   31   -5  -43    0   44   16    0    0    0  -22  -41    0   -3  -28    0  -46    0  -33    0    0    0    1    0    0   -1   11  -25    0    0    0  -20    0
  -22    4   17    0    0    0    0    0    0    0   31  -31    0  -27    7  -22   43   37  -22    0   13   18    0  -31  -41    0    0   35    0   37    5    0    0  -18    0   -8   -8  -34    0    0   46  -42    0    0  -39
    0   16  -17    0    0    0    0    0    0   19  -12   14  -15   -4    0    0    0  -48    0   45    0    0    0   29   31  -14    0    0    0    0    6    0  -18    0   -1   42    0    0  -26   47    0   46  -31  -43  -50
    0    0    0  -33    0    0    0    0    0    0    0  -13   24   16  -22    0  -14   38    0    0  -10  -45    0    0    0    0  -48  -15    0    0  -16    1    0   -1    0    0    0    0   50    0  -33    0    0    0  -15
   12    0   17    0  -30  -16  -36  -23    0    0  -17    0  -40  -32    0    0    0    0    0    0    0  -46    0   -7   26    0   30    0   12  -28   32    0   -8   42    0    0    0    0  -30    0    0    0    0   -5  -31
    0    0  -39    6    0    0  -13    0   31    8   27   47    0   12    0   -6    5    0    0    0   -4    0    0    0    0    0   19    0    0    0  -36    0   -8    0    0    0    0  -23    0  -45    0    0    0  -49  -28
   33    0    0    0    0    0    9   10    0    2    0   29    0    0    0  -44    0   31    0    0    0  -18    0   23    0   43  -33  -22   24    1   -8   -1  -34    0    0    0  -23    0   20   11    0    0    0  -26  -29
    0   49  -34  -15   21   34  -11  -41  -28    0    0    0   31  -44    0  -25    0    0   42   25    0   41    5    0   -2    3    0  -33  -12   20    0   11    0  -26   50  -30    0   20    0    0  -46    0    0    0    0
    0    0    0  -43   28  -22    4    0    0   40    0  -23    0   -9  -18   28    2    0   46    0    0    0    0    0  -12    9   12  -19   12    0    0  -25    0   47    0    0  -45   11    0    0  -12    0    0    0   -1
  -20    0    0   27    0   49    0   -7    0   22    0    0  -46    0   -2    4  -40   11    0    4  -48  -41    0    0    0   10   19    0  -49    0   38    0   46    0  -33    0    0    0  -46  -12    0   31  -29    0  -38
    0    0   13    0  -23  -38    0    0   -4    0  -41   28    0   49    0  -33   32    9   49    0  -46    0    0   25    0  -16  -29  -39   20   14    0    0  -42   46    0    0    0    0    0    0   31    0    0    0  -11
  -32   33   32    0   44    3  -48    0   38   25   42   41  -41    0    0    0   27    0    0   17    0    0    0  -43    0    0    0   -2  -46    0    0    0    0  -31    0    0    0    0    0    0  -29    0    0    0   41
    0    0    0  -19  -16    0    0    0    0   38  -45    0  -31    0    0    5   21    0   27   49   49    0   12    0  -22   26    0    0    0    0  -20  -20    0  -43    0   -5  -49  -26    0    0    0    0    0    0   45
    0  -35  -20  -47  -20   36  -32   30    0    0    1  -27    0  -38    0   13  -35    0  -14    0   27  -34    0   -4    0  -20    2  -22  -36   -3    0    0  -39  -50  -15  -31  -28  -29    0   -1  -38  -11   41   45    0
