QBPP_HJ*_45_075_10_4
45 240 14
19 26 29 10 48 16 30 8 27 20 24 13 46 34 8 34 34 18 40 50 15 27 23 44 47 7 37 49 32 33 5 15 24 48 26 20 20 42 23 6 47 23 16 26 7
    0  -27    0    0   38    0    1   19   22   25   18  -26   41  -50   31  -26   15    0    0    3  -22    0  -37    0  -29   -3   37   32   -5   19   45   20    0    0  -10   48  -24   48    0   47  -31   31   44   18    0
  -27    0   22    8  -35    5    0   18   41    0  -19  -34  -11   27   27    0    0    0  -36    9    0  -26   -9   35    5  -31    6   -7    8    0   12  -11   49  -47   40   -5    8  -46    9    9    0  -20  -18    0   -1
    0   22    0   15    0   24   30  -42  -48   16   21   -6  -26  -40   37  -30   43  -12    0    0   -3   41   15   29   44    0   38    0  -31    0    0   12    4   36    0   49   35  -17    0   15  -29    0  -34    0   11
    0    8   15    0  -10    0   49    6   -9  -20   -1    0   -2  -25  -43  -29    0  -41   46   34    2   -2  -22  -48   31    0    0  -18    0  -39   45   26   -6    0   49    0  -19   40  -35   -2   20    0    0  -42    0
   38  -35    0  -10    0  -50    0    0    0  -49  -48  -34    0   -1   16    0   -3  -35   40   49    0    0   36    0    0   -8    0  -22    0   42    0    0   15   24   11  -46    0  -22  -39   -8  -16  -20   23   40    0
    0    5   24    0  -50    0   -6   29  -41   13    0   -6    1  -31  -22  -47    0  -47  -16    0  -24  -12    0   41   -8   42  -34   13  -21   48  -31  -41    0  -13    0   40    0  -12  -33   40  -46  -36   22    0    9
    1    0   30   49    0   -6    0  -19  -16  -25   16   21   31  -42  -35    0  -34   20  -46    0   44   -1  -33    0  -31   33    4    0   21  -50  -24    0   47    0  -41  -36   43   21  -46  -30    0   40  -12    0  -33
   19   18  -42    6    0   29  -19    0    9  -50   34   35   47  -19   44    0  -49  -31    5   11  -39   13  -20    8    0  -14    0  -39   10   32  -16   41    7   49   50    0  -34    9  -48   37    0   -2    0   -7   36
   22   41  -48   -9    0  -41  -16    9    0   21    0    0   21    1    0  -28   31   44  -45   41  -30   46    0  -48    0    0  -23    0  -17   -3   34  -19   19   45  -26  -23    0    0  -43    0  -32  -13  -47    0  -45
   25    0   16  -20  -49   13  -25  -50   21    0    0  -13    0   11   21   10   17   -1   25    4    0   -6    0   50  -44  -11    8  -41  -32    0   27   37   16   24  -16    0  -39    0   36   14    0  -39  -45  -10    0
   18  -19   21   -1  -48    0   16   34    0    0    0  -24    0  -31   40   13    0   47    0   20  -45    0  -46    0    0   41    6  -34   14   17    7  -12  -18   47    0  -19   44   27    0    0   -3    0  -45    0    0
  -26  -34   -6    0  -34   -6   21   35    0  -13  -24    0    0   28   -9   -4  -25    0  -11  -50   -7  -35    0    9    0   29    0   29  -14    0  -29  -50  -19    0   27   -1  -40   50    0  -21   47  -23   13  -38  -47
   41  -11  -26   -2    0    1   31   47   21    0    0    0    0  -16  -47   36    0  -46  -50    0   12    0    0  -45  -42   14    1  -27  -11  -18   24    0  -23    1  -29  -21    0  -49   44    3   10   36    0   15    0
  -50   27  -40  -25   -1  -31  -42  -19    1   11  -31   28  -16    0   20  -48   -4   30    0   45    0    3   17  -36    0    0   25    0  -16    0   14    0  -18   25    0    0    0    0    0  -48  -46  -39    0   24   30
   31   27   37  -43   16  -22  -35   44    0   21   40   -9  -47   20    0    0   23   17   -8    5  -40   32   -6    0   19    0  -22  -23    4   34    0    0    0  -36  -26  -37   -3    0   40  -33    0  -45    0  -23  -38
  -26    0  -30  -29    0  -47    0    0  -28   10   13   -4   36  -48    0    0  -38    0   25    9  -24   40   19   31  -25   10  -11    0    0  -30  -12    5   26    7   28    0   48    0    0   13    7    0    2  -46    0
   15    0   43    0   -3    0  -34  -49   31   17    0  -25    0   -4   23  -38    0    0    8    0  -42  -32   48   -7  -44   49  -47  -39    0    4   27   35  -20  -28   50    1  -33  -42  -13  -41  -50    0  -44  -28    0
    0    0  -12  -41  -35  -47   20  -31   44   -1   47    0  -46   30   17    0    0    0   47    0    1   20  -50  -50   48   -1  -43   -7   30    8  -19    8   45   22   -5    0   50   15  -24   27    0   39    0    0  -39
    0  -36    0   46   40  -16  -46    5  -45   25    0  -11  -50    0   -8   25    8   47    0    0    8  -23  -27   30   21   -5    0  -28    0    0    0    0    0    0   41   20    0    0  -13  -14   20  -23  -26    0   -7
    3    9    0   34   49    0    0   11   41    4   20  -50    0   45    5    9    0    0    0    0    2    0    0    0    0   10   -1   28   11    9    0  -46   10  -47    0  -37   -7    0   31  -42   36  -28   25   37   22
  -22    0   -3    2    0  -24   44  -39  -30    0  -45   -7   12    0  -40  -24  -42    1    8    2    0   -9   -6   35    0   -6   42  -42   48    0    0    8   32  -37   50   -8  -21    0    0  -23  -28   12  -39  -14   21
    0  -26   41   -2    0  -12   -1   13   46   -6    0  -35    0    3   32   40  -32   20  -23    0   -9    0   47   23   48    0   -8   15    7   23  -41    0  -35   37    8  -12   -2    0   -4    0  -17    0  -29   47  -26
  -37   -9   15  -22   36    0  -33  -20    0    0  -46    0    0   17   -6   19   48  -50  -27    0   -6   47    0    0  -46   29   34   16    0    0   16  -16  -11    0   11  -46   46  -42  -32  -33    0   11   -3  -24    0
    0   35   29  -48    0   41    0    8  -48   50    0    9  -45  -36    0   31   -7  -50   30    0   35   23    0    0    0    0   22   15   -1   12    0   46  -44  -28  -37   -2  -46  -35  -46   11  -48    0   24   18   -5
  -29    5   44   31    0   -8  -31    0    0  -44    0    0  -42    0   19  -25  -44   48   21    0    0   48  -46    0    0    0  -43   46  -17  -19   43   35   -7    0    8   16  -33  -26   15   34  -39   12   -2    0   46
   -3  -31    0    0   -8   42   33  -14    0  -11   41   29   14    0    0   10   49   -1   -5   10   -6    0   29    0    0    0  -11    0    0   42   41  -28   47  -34    0    0   14  -16    0  -29   25    7    0   31   38
   37    6   38    0    0  -34    4    0  -23    8    6    0    1   25  -22  -11  -47  -43    0   -1   42   -8   34   22  -43  -11    0    0    2   -4  -14    0   46  -45   24   22   48    0    0   49   20    0   17   28  -36
   32   -7    0  -18  -22   13    0  -39    0  -41  -34   29  -27    0  -23    0  -39   -7  -28   28  -42   15   16   15   46    0    0    0   -3  -10   42  -16  -37    6    0  -33  -39   39   49  -11   25   50    0  -26  -16
   -5    8  -31    0    0  -21   21   10  -17  -32   14  -14  -11  -16    4    0    0   30    0   11   48    7    0   -1  -17    0    2   -3    0   20   44   11   11    0    0    0   41    0   39   26   15   23   21   15   21
   19    0    0  -39   42   48  -50   32   -3    0   17    0  -18    0   34  -30    4    8    0    9    0   23    0   12  -19   42   -4  -10   20    0  -26  -14  -28  -44  -21   26    0    2  -36    3   32  -45   31    2    0
   45   12    0   45    0  -31  -24  -16   34   27    7  -29   24   14    0  -12   27  -19    0    0    0  -41   16    0   43   41  -14   42   44  -26    0    0  -18    0   33  -36  -27  -39   34    4  -22   47  -24  -39   42
   20  -11   12   26    0  -41    0   41  -19   37  -12  -50    0    0    0    5   35    8    0  -46    8    0  -16   46   35  -28    0  -16   11  -14    0    0   49  -39    0   -1    0   20   39   16  -15  -25    0   44   13
    0   49    4   -6   15    0   47    7   19   16  -18  -19  -23  -18    0   26  -20   45    0   10   32  -35  -11  -44   -7   47   46  -37   11  -28  -18   49    0  -21  -34  -31  -43   17    0  -31   46  -33  -39    0   -7
    0  -47   36    0   24  -13    0   49   45   24   47    0    1   25  -36    7  -28   22    0  -47  -37   37    0  -28    0  -34  -45    6    0  -44    0  -39  -21    0   28    8    0    0   30    0  -24    0    0    0  -39
  -10   40    0   49   11    0  -41   50  -26  -16    0   27  -29    0  -26   28   50   -5   41    0   50    8   11  -37    8    0   24    0    0  -21   33    0  -34   28    0    0   23   19   20    0   32   37   21  -30    0
   48   -5   49    0  -46   40  -36    0  -23    0  -19   -1  -21    0  -37    0    1    0   20  -37   -8  -12  -46   -2   16    0   22  -33    0   26  -36   -1  -31    8    0    0  -33    0  -44    0  -30    7  -15   46    0
  -24    8   35  -19    0    0   43  -34    0  -39   44  -40    0    0   -3   48  -33   50    0   -7  -21   -2   46  -46  -33   14   48  -39   41    0  -27    0  -43    0   23  -33    0  -20  -41   12   22   28  -34    4   18
   48  -46  -17   40  -22  -12   21    9    0    0   27   50  -49    0    0    0  -42   15    0    0    0    0  -42  -35  -26  -16    0   39    0    2  -39   20   17    0   19    0  -20    0  -45    0    0   26    0   44  -17
    0    9    0  -35  -39  -33  -46  -48  -43   36    0    0   44    0   40    0  -13  -24  -13   31    0   -4  -32  -46   15    0    0   49   39  -36   34   39    0   30   20  -44  -41  -45    0  -33    0    0  -49  -41   -1
   47    9   15   -2   -8   40  -30   37    0   14    0  -21    3  -48  -33   13  -41   27  -14  -42  -23    0  -33   11   34  -29   49  -11   26    3    4   16  -31    0    0    0   12    0  -33    0    0   27   -8  -42   40
  -31    0  -29   20  -16  -46    0    0  -32    0   -3   47   10  -46    0    7  -50    0   20   36  -28  -17    0  -48  -39   25   20   25   15   32  -22  -15   46  -24   32  -30   22    0    0    0    0  -48  -22   36  -33
   31  -20    0    0  -20  -36   40   -2  -13  -39    0  -23   36  -39  -45    0    0   39  -23  -28   12    0   11    0   12    7    0   50   23  -45   47  -25  -33    0   37    7   28   26    0   27  -48    0   20  -15  -30
   44  -18  -34    0   23   22  -12    0  -47  -45  -45   13    0    0    0    2  -44    0  -26   25  -39  -29   -3   24   -2    0   17    0   21   31  -24    0  -39    0   21  -15  -34    0  -49   -8  -22   20    0    2   17
   18    0    0  -42   40    0    0   -7    0  -10    0  -38   15   24  -23  -46  -28    0    0   37  -14   47  -24   18    0   31   28  -26   15    2  -39   44    0    0  -30   46    4   44  -41  -42   36  -15    2    0   48
    0   -1   11    0    0    9  -33   36  -45    0    0  -47    0   30  -38    0    0  -39   -7   22   21  -26    0   -5   46   38  -36  -16   21    0   42   13   -7  -39    0    0   18  -17   -1   40  -33  -30   17   48    0
