QBPP_HJ+_40_075_06_1
40 381 187
39 4 37 33 10 19 35 16 14 2 45 40 2 34 49 38 29 33 44 33 18 36 47 38 43 31 27 42 28 33 10 15 25 44 39 15 42 20 10 23
    0    0   96    0    0    2   78    0   21   96   77   77   16   50   85   17    3   74    4   32   21   61    0   29   37    0   42   29    0   97   73    0    0   49    0   12   23    0   59    0
    0    0   34    6   36   10    0    0   79   77    0    0   53   44   52   88    0   86    0    0    0   24  100   60   47   83    0   42   55   69   75    3   22   96   61   23   26    0   62   55
   96   34    0   37   18   38   82   70   88   32   20    0    1    5   47   82   12  100    0   59    0   16    0    0   46   83   30    0   95    0   20   74   63   92   74   94   79    0   66   81
    0    6   37    0   42    0   48   72   89    0   72   23    0    0    1   81    0   95    0   23   86    7    6   59    0   22   82   13   57   69    0  100   87    8   29   25   62    0  100   49
    0   36   18   42    0   23   36   91   19   11   97   32   43   79   93   51    0    0   96   11   59   57   82   44   39   95   65   23   75    0    0   91   39   18    5   68   24   19   70   12
    2   10   38    0   23    0   33   74   61    0    6    0    0   86   17    7   30   18   45   91    0   59   27   11    0  100    0   13    0    0   72   76   99    0    0    0   37    0   46   40
   78    0   82   48   36   33    0   26   12   91   79   10    0   31   75   36   57   68    0    6    8   27    0   14   53    0   36    3    0    0    4   76   40   91   53   13   68   40    0   55
    0    0   70   72   91   74   26    0    0   69    0   70   93   56   26   53   20   12   11    0   88    0   32   27    0   75   36   23   42    0   46    0   20   67   36   25    8    0    5    0
   21   79   88   89   19   61   12    0    0    0   41   20   93    0   61   76    3   24    0    0   40   51   54   62   85   64   20   45   43    0    3    0    2   25   38   57    0   25   90   86
   96   77   32    0   11    0   91   69    0    0    0    0   79    0   55   63   15   76   83   20    9   61   81   19   24    0   98   81   92   11   94   47   54    0   78    0   91   25   49   14
   77    0   20   72   97    6   79    0   41    0    0   58   73   26    0   97    0   48   79    0   60   50    0   52   28   10   99   43   46   91   30    0   51   78   91   95    0    6    0    2
   77    0    0   23   32    0   10   70   20    0   58    0   20    0   12    0   98   85    0   11    0   94   19  100    0   64   13   40   87   28    0   99   45   45   76   49    0   28    0   73
   16   53    1    0   43    0    0   93   93   79   73   20    0   44    0   12    0   19   83   46   32   48   25   41   65   43   43   13   34   70   78   77    7   72   28   56   42   52   61   31
   50   44    5    0   79   86   31   56    0    0   26    0   44    0   16    0   31   40   89    0   55   41   33   60   42   71    0   47   68   70   75    0   93    0    0   85    2    0   35   21
   85   52   47    1   93   17   75   26   61   55    0   12    0   16    0    3    0   94   11   10    0    0    0   80   72   55    0   48    0   68   65   19    0   83   91   90   11   11   27    0
   17   88   82   81   51    7   36   53   76   63   97    0   12    0    3    0   65   53    0    0    3    0   86   31   14   13    0   65   39   55   10    0   59   82    0   22    0   58   40   61
    3    0   12    0    0   30   57   20    3   15    0   98    0   31    0   65    0    2   71   80   38   76   22    0   14   10    0   39   39    0   40   56   58   36   82    7   79   81    0   78
   74   86  100   95    0   18   68   12   24   76   48   85   19   40   94   53    2    0    0   65    0   41   61    0   15   52   97   77    7   67   47   33   39   58    0   21    0    0   74   17
    4    0    0    0   96   45    0   11    0   83   79    0   83   89   11    0   71    0    0   56   85    0  100   80   92    7   91   26   74    0   38    0    7   18   68   67    0    0   29    0
   32    0   59   23   11   91    6    0    0   20    0   11   46    0   10    0   80   65   56    0    0   48    0    0    0   95   20    0    0   49    0   23   91   88    0   78   17   55   54   10
   21    0    0   86   59    0    8   88   40    9   60    0   32   55    0    3   38    0   85    0    0   61   82    4    7   33   45   85   93    0    0   28   20    0   41    0   93    3   15   13
   61   24   16    7   57   59   27    0   51   61   50   94   48   41    0    0   76   41    0   48   61    0   99    0   80   40   57   45   50    3   28   90   80   62   44   14   48   43    0   20
    0  100    0    6   82   27    0   32   54   81    0   19   25   33    0   86   22   61  100    0   82   99    0   26   39   61   73   26    0    5    0   19   69   18    0    0   40   36   13    0
   29   60    0   59   44   11   14   27   62   19   52  100   41   60   80   31    0    0   80    0    4    0   26    0    3   54   54    0   66   71   68   28   44   91   25    0   33    3   33   42
   37   47   46    0   39    0   53    0   85   24   28    0   65   42   72   14   14   15   92    0    7   80   39    3    0   86   87   96    5   70   74    0    0   45   64   99   38    0   27   92
    0   83   83   22   95  100    0   75   64    0   10   64   43   71   55   13   10   52    7   95   33   40   61   54   86    0   69   86   53   97   96   49   32   93   10   65   90   68   40   60
   42    0   30   82   65    0   36   36   20   98   99   13   43    0    0    0    0   97   91   20   45   57   73   54   87   69    0   59   63    9   88   36   14   61   61   70   21   62   31   91
   29   42    0   13   23   13    3   23   45   81   43   40   13   47   48   65   39   77   26    0   85   45   26    0   96   86   59    0    8    0    0    2   62   17   84   90   67   82   46    0
    0   55   95   57   75    0    0   42   43   92   46   87   34   68    0   39   39    7   74    0   93   50    0   66    5   53   63    8    0    0    6    0    9   93    0   52   12   40   80    5
   97   69    0   69    0    0    0    0    0   11   91   28   70   70   68   55    0   67    0   49    0    3    5   71   70   97    9    0    0    0   43   85   37   63   44    0    2   83    0    0
   73   75   20    0    0   72    4   46    3   94   30    0   78   75   65   10   40   47   38    0    0   28    0   68   74   96   88    0    6   43    0    0    0  100   57    0   94    0    0   84
    0    3   74  100   91   76   76    0    0   47    0   99   77    0   19    0   56   33    0   23   28   90   19   28    0   49   36    2    0   85    0    0   67   26   61   75    0   31   75   78
    0   22   63   87   39   99   40   20    2   54   51   45    7   93    0   59   58   39    7   91   20   80   69   44    0   32   14   62    9   37    0   67    0   96   21   79   14   20   96   74
   49   96   92    8   18    0   91   67   25    0   78   45   72    0   83   82   36   58   18   88    0   62   18   91   45   93   61   17   93   63  100   26   96    0   69    5    0   68   28    9
    0   61   74   29    5    0   53   36   38   78   91   76   28    0   91    0   82    0   68    0   41   44    0   25   64   10   61   84    0   44   57   61   21   69    0   34   77   62   34    0
   12   23   94   25   68    0   13   25   57    0   95   49   56   85   90   22    7   21   67   78    0   14    0    0   99   65   70   90   52    0    0   75   79    5   34    0   12   64   27   19
   23   26   79   62   24   37   68    8    0   91    0    0   42    2   11    0   79    0    0   17   93   48   40   33   38   90   21   67   12    2   94    0   14    0   77   12    0   32   32   70
    0    0    0    0   19    0   40    0   25   25    6   28   52    0   11   58   81    0    0   55    3   43   36    3    0   68   62   82   40   83    0   31   20   68   62   64   32    0   45    0
   59   62   66  100   70   46    0    5   90   49    0    0   61   35   27   40    0   74   29   54   15    0   13   33   27   40   31   46   80    0    0   75   96   28   34   27   32   45    0   62
    0   55   81   49   12   40   55    0   86   14    2   73   31   21    0   61   78   17    0   10   13   20    0   42   92   60   91    0    5    0   84   78   74    9    0   19   70    0   62    0
