QBPP_HJ*_45_075_10_5
45 225 14
46 48 22 46 45 1 32 35 11 9 36 27 17 24 36 20 9 36 1 17 9 23 14 38 29 38 16 23 41 6 35 29 31 23 34 15 33 10 26 36 5 7 4 49 33
    0   39    7    0  -32   39   41  -31  -39   34   -4  -32  -45  -36  -39    9    8  -14   -3   20    0   36  -13    0   32   48   47  -36    0   15   17   30    3    0  -27    0   21  -19    0    0    5  -11  -31   48   -8
   39    0   29    0  -40    0   16  -17   37   27  -36  -30    0    7   -3   26  -31   -3  -33    0   15   -4    0   44    1    0  -20  -38   39  -17  -23    0   -5   11   19    0  -35  -37  -13  -30    0    0    0   14  -42
    7   29    0   18  -26  -10  -22  -49    0    0   29  -37   43   -4  -42  -28  -49  -25    0    4    0    0    0  -32    1  -17  -30   -6  -35   18   38   49   32  -45   20  -19   -4   36   49   -5    0  -18  -15   13    0
    0    0   18    0   22  -18   25   -1   -7  -40  -12  -32  -14  -31   -3    0   -2   36  -50   48   -3   -8   13  -49    6   -3  -40   35  -16   31  -13   48   35    0  -21    0   45  -29    0    0   40    7   -5  -15    0
  -32  -40  -26   22    0   12    0    0  -48  -21    0   27    0   12  -25  -30   22    0   12  -33    7   35    0    0  -43    0    8   22    0    0  -43   20   19    0    0  -42   -4  -41    0   -7   41   -3  -18  -48    0
   39    0  -10  -18   12    0   40   37  -29  -26  -49    5  -42   44  -37  -13   17    0    0    0    0   50    0    0    0   18  -47    0  -44  -42    0  -48   -9   26  -11  -40   19   48  -45  -31  -33   17    7    2  -39
   41   16  -22   25    0   40    0   -7    0    0  -18   41    0  -26  -10  -47   17    0  -17   33    3  -35  -30    0  -38  -42    8   15  -30   29  -45  -34    0    0  -38  -27   50    0    0    0   17   49   -9  -21    0
  -31  -17  -49   -1    0   37   -7    0    0  -45   26   40   38  -16  -39    0  -21   43    0    0  -25   34   14  -41    0    0   24    6    6    0  -22  -46   31    0    8   16  -45    0    0   35    4  -13    0    0  -38
  -39   37    0   -7  -48  -29    0    0    0    0   21   43   48    0  -41  -11   18   30    4   -5  -26    4  -26   48    0  -15   -7   31    0  -16    0  -16  -25  -10  -21  -28  -45   -9    2  -12   -7    0   -5   13    0
   34   27    0  -40  -21  -26    0  -45    0    0   39  -24    7  -18   41  -35  -33   14  -20    0   11  -21    0  -28  -49   28  -13  -30   11   43    0    0  -39  -28  -11  -25    1   31    0   -7  -37   38  -49    0  -35
   -4  -36   29  -12    0  -49  -18   26   21   39    0   -7    0    0   27    0   21  -45   -8   26   10  -26    0   50   26  -19  -37   49   34   31  -19   47   12   14   48    2  -10   32   21   11   46  -20    0    6   16
  -32  -30  -37  -32   27    5   41   40   43  -24   -7    0  -47    5   31    0   44  -41    0    0   21  -29   43   10    0    0   22  -45   40   40  -24  -24  -42  -15  -39    0   12  -21  -50  -44    0    3    0  -36    0
  -45    0   43  -14    0  -42    0   38   48    7    0  -47    0    0   14  -17    0   24  -27  -22   34    0    0   -4   46   -5    0  -35   10   22  -14  -28   26    0   -8  -12  -41   38    0   14    0   29   25  -38   15
  -36    7   -4  -31   12   44  -26  -16    0  -18    0    5    0    0   14  -18  -22  -39    0  -32   33   42    0  -26    0  -35    0    0    0    0   37   32    0   17  -16  -30  -43  -25  -50    0    0    0  -17    0   46
  -39   -3  -42   -3  -25  -37  -10  -39  -41   41   27   31   14   14    0  -27   -1   45    0   40    0   11    6   31  -33   17    0    0    5    0   28  -26    0   24   -5    0    0   49   23  -30   28  -35   22    0  -32
    9   26  -28    0  -30  -13  -47    0  -11  -35    0    0  -17  -18  -27    0   14   -1  -17   44    2    0    0    4  -28   -4    5  -28  -21   44   38   31   19   11  -13   34    0    0  -35   27   30    4  -18   27   33
    8  -31  -49   -2   22   17   17  -21   18  -33   21   44    0  -22   -1   14    0    9    0   -1  -24    6    0   -6   26    0  -21    2    0   -8    1    0   25    0    0   -8    0   12    0  -12  -26  -13  -40    0    0
  -14   -3  -25   36    0    0    0   43   30   14  -45  -41   24  -39   45   -1    9    0    0    0    0    0    0  -14    0    0    0  -24  -27  -45    0   12   23  -23   36    0    0    0  -24    0   16  -37   13   48  -42
   -3  -33    0  -50   12    0  -17    0    4  -20   -8    0  -27    0    0  -17    0    0    0    0    0    0   35    0   24   49  -27   29    0  -10   16  -25    0    7    0  -12  -25    0    0  -37  -13  -41   -3  -35    6
   20    0    4   48  -33    0   33    0   -5    0   26    0  -22  -32   40   44   -1    0    0    0  -18  -17  -44  -20  -17   30  -35   14   15    0    8   23  -26   -7  -17   23   46   -5    5   19   26    0    0    0   18
    0   15    0   -3    7    0    3  -25  -26   11   10   21   34   33    0    2  -24    0    0  -18    0   16  -40   24    0   29  -13   18   27   46    0    0  -35    0    0  -29   34   46   20   -8  -26   26    0    0    0
   36   -4    0   -8   35   50  -35   34    4  -21  -26  -29    0   42   11    0    6    0    0  -17   16    0  -26  -41    8   11    7  -17   43   35  -48    0   47   14  -11  -18  -44    1  -13    6  -29    0    6   32    0
  -13    0    0   13    0    0  -30   14  -26    0    0   43    0    0    6    0    0    0   35  -44  -40  -26    0    0  -25  -28  -35   31   13   33  -49    0   22   -7    5    0    0  -37    0  -24  -26   -5   32    0    0
    0   44  -32  -49    0    0    0  -41   48  -28   50   10   -4  -26   31    4   -6  -14    0  -20   24  -41    0    0  -25   26   32  -12  -23  -28   25    0   14    3  -11   45   25    0    7    0    0    0    0    5    0
   32    1    1    6  -43    0  -38    0    0  -49   26    0   46    0  -33  -28   26    0   24  -17    0    8  -25  -25    0   -5    0  -10  -12   42  -32  -49   27  -26   26    2  -44    0  -25  -39  -32    0    0   49    7
   48    0  -17   -3    0   18  -42    0  -15   28  -19    0   -5  -35   17   -4    0    0   49   30   29   11  -28   26   -5    0   -1    0  -41    0  -37  -12    0    0    0  -35   15    2  -35  -38   -6  -15    0   32    0
   47  -20  -30  -40    8  -47    8   24   -7  -13  -37   22    0    0    0    5  -21    0  -27  -35  -13    7  -35   32    0   -1    0  -28    0  -33   15  -44   35    0    0   -5   39  -21    0   11  -44   37  -41  -11    0
  -36  -38   -6   35   22    0   15    6   31  -30   49  -45  -35    0    0  -28    2  -24   29   14   18  -17   31  -12  -10    0  -28    0    7   30  -12    0  -23  -32   -5  -34    0  -38    0   15   26  -21  -14    0  -30
    0   39  -35  -16    0  -44  -30    6    0   11   34   40   10    0    5  -21    0  -27    0   15   27   43   13  -23  -12  -41    0    7    0  -27    0  -33    0  -48   42    6    0   10    6    0   40   43   18   23   23
   15  -17   18   31    0  -42   29    0  -16   43   31   40   22    0    0   44   -8  -45  -10    0   46   35   33  -28   42    0  -33   30  -27    0  -41   34    0   -5   12    0   40   11    4    0    6    0  -48  -29   21
   17  -23   38  -13  -43    0  -45  -22    0    0  -19  -24  -14   37   28   38    1    0   16    8    0  -48  -49   25  -32  -37   15  -12    0  -41    0  -48   28   40   50    0    0  -47   43  -18  -29    0   41    0   -4
   30    0   49   48   20  -48  -34  -46  -16    0   47  -24  -28   32  -26   31    0   12  -25   23    0    0    0    0  -49  -12  -44    0  -33   34  -48    0   -7   14    2    0    0  -42   27   18   49    0  -23    9  -36
    3   -5   32   35   19   -9    0   31  -25  -39   12  -42   26    0    0   19   25   23    0  -26  -35   47   22   14   27    0   35  -23    0    0   28   -7    0   43  -34  -29  -31   39    0    1   43    0  -21   24   46
    0   11  -45    0    0   26    0    0  -10  -28   14  -15    0   17   24   11    0  -23    7   -7    0   14   -7    3  -26    0    0  -32  -48   -5   40   14   43    0    0   28   44   36  -47    1    1    0   45   22  -33
  -27   19   20  -21    0  -11  -38    8  -21  -11   48  -39   -8  -16   -5  -13    0   36    0  -17    0  -11    5  -11   26    0    0   -5   42   12   50    2  -34    0    0   37  -43   19   -9    9   28    0    0  -33    0
    0    0  -19    0  -42  -40  -27   16  -28  -25    2    0  -12  -30    0   34   -8    0  -12   23  -29  -18    0   45    2  -35   -5  -34    6    0    0    0  -29   28   37    0   36    0   26    0   29   29    0   33   49
   21  -35   -4   45   -4   19   50  -45  -45    1  -10   12  -41  -43    0    0    0    0  -25   46   34  -44    0   25  -44   15   39    0    0   40    0    0  -31   44  -43   36    0    0    1   15   42   -5    7    0  -45
  -19  -37   36  -29  -41   48    0    0   -9   31   32  -21   38  -25   49    0   12    0    0   -5   46    1  -37    0    0    2  -21  -38   10   11  -47  -42   39   36   19    0    0    0   50   45    4   22  -34  -35  -26
    0  -13   49    0    0  -45    0    0    2    0   21  -50    0  -50   23  -35    0  -24    0    5   20  -13    0    7  -25  -35    0    0    6    4   43   27    0  -47   -9   26    1   50    0   -2    6  -31    0   35  -22
    0  -30   -5    0   -7  -31    0   35  -12   -7   11  -44   14    0  -30   27  -12    0  -37   19   -8    6  -24    0  -39  -38   11   15    0    0  -18   18    1    1    9    0   15   45   -2    0   33   34    0   20   41
    5    0    0   40   41  -33   17    4   -7  -37   46    0    0    0   28   30  -26   16  -13   26  -26  -29  -26    0  -32   -6  -44   26   40    6  -29   49   43    1   28   29   42    4    6   33    0   44   -8   26    2
  -11    0  -18    7   -3   17   49  -13    0   38  -20    3   29    0  -35    4  -13  -37  -41    0   26    0   -5    0    0  -15   37  -21   43    0    0    0    0    0    0   29   -5   22  -31   34   44    0    0    0   38
  -31    0  -15   -5  -18    7   -9    0   -5  -49    0    0   25  -17   22  -18  -40   13   -3    0    0    6   32    0    0    0  -41  -14   18  -48   41  -23  -21   45    0    0    7  -34    0    0   -8    0    0   34  -34
   48   14   13  -15  -48    2  -21    0   13    0    6  -36  -38    0    0   27    0   48  -35    0    0   32    0    5   49   32  -11    0   23  -29    0    9   24   22  -33   33    0  -35   35   20   26    0   34    0   30
   -8  -42    0    0    0  -39    0  -38    0  -35   16    0   15   46  -32   33    0  -42    6   18    0    0    0    0    7    0    0  -30   23   21   -4  -36   46  -33    0   49  -45  -26  -22   41    2   38  -34   30    0
