QBPP_HJ*_35_075_20_4
35 91 15
29 23 43 21 4 49 6 49 6 35 45 42 35 18 23 10 7 8 22 23 31 25 17 29 26 23 46 22 29 20 21 50 41 22 6
    0  -27    0   -1  -42   26   -8   19  -37    2    0    0    0  -26    0  -21  -36    6  -16   15   29    0  -50   25   27    0  -29   34  -25  -45    0    0    0   22   27
  -27    0  -37  -44   25    4   24   10    0   11   -3  -27  -31  -49    0   41    0  -24   34  -32  -26   15  -18  -24    0   38   49    0    0    0    0    0   50    0   27
    0  -37    0  -13  -30  -47    0   16    0    0    0   27    0  -17   29  -29    0  -18   13   47   43   -5  -46    0    4   -6  -30    7   18   38   -8  -48    8   44   48
   -1  -44  -13    0  -10   15   15  -14    0   30    0  -20   23  -10    0    0   12  -47    5   45   49  -43    5   29   50   23   28    3    0   15  -14    0    0    0   -5
  -42   25  -30  -10    0    3  -41   31  -12  -35   47   -7  -23  -13  -40   36    0    0   48   33    0   47  -28   40    0    8   15   14   20  -11    0    0   -7   33    0
   26    4  -47   15    3    0  -32  -24   -7   44    4  -28  -13    0    0  -36    0    4   11    0    0    0    0   -1   41    0   45   42   30  -50    0  -14   49  -11   41
   -8   24    0   15  -41  -32    0    8   23   31    0    0   46    0   -9  -24  -30    6   21   -6    3  -22  -42  -24   11   11   28    5    0  -24  -18   46    0  -22  -48
   19   10   16  -14   31  -24    8    0    0   13  -48  -15    0   27   25    6   31   30   46   31  -25   -4   11  -24   18    0    0   27  -19    0    9  -25  -10   24   34
  -37    0    0    0  -12   -7   23    0    0   20  -22   -7    0    0   17   47  -23    0    6  -16   13   50   45    0  -44  -31   47  -29    0    7   25  -11   28  -40   49
    2   11    0   30  -35   44   31   13   20    0   36   18  -35  -35  -42   16  -17   25   -4    9    0   17   30   14    0   -1  -35  -15    0    0   32   19  -48    0    0
    0   -3    0    0   47    4    0  -48  -22   36    0  -39   -7    0  -14    0    8   -3    8    2  -39    0   36    2    0    0    0    0  -47  -30    0    0   10  -46   21
    0  -27   27  -20   -7  -28    0  -15   -7   18  -39    0   31    0   35   -3  -50  -39  -31  -49   -7   43    0  -19  -37  -30  -26    0  -14   16   48   -4    0  -14   -5
    0  -31    0   23  -23  -13   46    0    0  -35   -7   31    0   -9   10  -16    0   50    0    0    0   -7    0    0   -3   50   15    0    0  -48   -5   20   -7    0  -12
  -26  -49  -17  -10  -13    0    0   27    0  -35    0    0   -9    0  -29   33   30  -45   -1   44   14  -12   20   14  -11  -43    1    8   41  -22  -42   45    2   16  -13
    0    0   29    0  -40    0   -9   25   17  -42  -14   35   10  -29    0   42  -40   -1   29  -39   20   14  -37   20   33  -42    0    0    0  -43   45    5  -21    0   -2
  -21   41  -29    0   36  -36  -24    6   47   16    0   -3  -16   33   42    0   41  -37   43    0    0   29  -15   -3    7   23   43  -45  -11   25  -37    0    1    0   25
  -36    0    0   12    0    0  -30   31  -23  -17    8  -50    0   30  -40   41    0  -37  -40    0    0   -7   40    0  -33    0    0  -41   22  -48   16  -43  -33   15  -14
    6  -24  -18  -47    0    4    6   30    0   25   -3  -39   50  -45   -1  -37  -37    0   40    1  -31    0   47   14  -34   28  -18    0   40    0   -7   34   12  -33  -45
  -16   34   13    5   48   11   21   46    6   -4    8  -31    0   -1   29   43  -40   40    0    0   13    0   48  -33   -2  -37   -3    6  -31   19  -36  -38    0   -3  -35
   15  -32   47   45   33    0   -6   31  -16    9    2  -49    0   44  -39    0    0    1    0    0    0    4  -38  -36  -26    0    0  -16    0   25    4    0    0   24   41
   29  -26   43   49    0    0    3  -25   13    0  -39   -7    0   14   20    0    0  -31   13    0    0    8    0    0   20   36    0    0  -50   25  -35  -16    0    0  -22
    0   15   -5  -43   47    0  -22   -4   50   17    0   43   -7  -12   14   29   -7    0    0    4    8    0    0    0   19   10    0  -43  -30    0   10   15   10    0   -8
  -50  -18  -46    5  -28    0  -42   11   45   30   36    0    0   20  -37  -15   40   47   48  -38    0    0    0   31  -18   40    0  -33    0    0  -41    0    0   19    0
   25  -24    0   29   40   -1  -24  -24    0   14    2  -19    0   14   20   -3    0   14  -33  -36    0    0   31    0  -48   -2  -17   20   14  -41  -13    3  -18   26    0
   27    0    4   50    0   41   11   18  -44    0    0  -37   -3  -11   33    7  -33  -34   -2  -26   20   19  -18  -48    0    0    0   18   35   15    0   29  -13   -8  -40
    0   38   -6   23    8    0   11    0  -31   -1    0  -30   50  -43  -42   23    0   28  -37    0   36   10   40   -2    0    0    0    0    1    0   32   -1  -24  -32  -11
  -29   49  -30   28   15   45   28    0   47  -35    0  -26   15    1    0   43    0  -18   -3    0    0    0    0  -17    0    0    0  -21    0  -32    0  -39   50    0   -5
   34    0    7    3   14   42    5   27  -29  -15    0    0    0    8    0  -45  -41    0    6  -16    0  -43  -33   20   18    0  -21    0  -48    0    5   14    0  -11    0
  -25    0   18    0   20   30    0  -19    0    0  -47  -14    0   41    0  -11   22   40  -31    0  -50  -30    0   14   35    1    0  -48    0    0  -18    0    0    0   17
  -45    0   38   15  -11  -50  -24    0    7    0  -30   16  -48  -22  -43   25  -48    0   19   25   25    0    0  -41   15    0  -32    0    0    0   30  -48  -30  -31    0
    0    0   -8  -14    0    0  -18    9   25   32    0   48   -5  -42   45  -37   16   -7  -36    4  -35   10  -41  -13    0   32    0    5  -18   30    0  -37   47    0   21
    0    0  -48    0    0  -14   46  -25  -11   19    0   -4   20   45    5    0  -43   34  -38    0  -16   15    0    3   29   -1  -39   14    0  -48  -37    0   20   36   36
    0   50    8    0   -7   49    0  -10   28  -48   10    0   -7    2  -21    1  -33   12    0    0    0   10    0  -18  -13  -24   50    0    0  -30   47   20    0  -27  -11
   22    0   44    0   33  -11  -22   24  -40    0  -46  -14    0   16    0    0   15  -33   -3   24    0    0   19   26   -8  -32    0  -11    0  -31    0   36  -27    0  -20
   27   27   48   -5    0   41  -48   34   49    0   21   -5  -12  -13   -2   25  -14  -45  -35   41  -22   -8    0    0  -40  -11   -5    0   17    0   21   36  -11  -20    0
