QBPP_HJ*_30_075_20_4
30 65 257
14 17 27 8 18 33 13 2 15 13 4 33 37 1 32 19 42 15 29 35 42 24 36 17 13 5 36 23 31 8
    0  -32   35    0    0   -9   38   45  -42   36    0   16  -40  -41   32    0    0   47  -34    0    0    0  -20   22  -16   -8   29    0  -24   -8
  -32    0  -36   20   30   17   21    0   17   21   39   22  -49    0   26    2    0   24  -38   21    7   48    0    1   -2   27   48    0   19    5
   35  -36    0   36   41   17   42   37  -45  -41    0  -18    0   29   46  -18   33  -24   18    0   35   21   -8    0   -5  -35   -2  -28   39  -37
    0   20   36    0  -31   38    0    0    0    0  -17  -12    0   24   49    1   -8   -8   25   -5    0   26  -11   41    7    0   18   42   39   29
    0   30   41  -31    0    0  -47    7  -34    0  -22   11    0    0  -23   11  -28   18   -1   27  -39    5  -36   25    0   41    1  -32    8    0
   -9   17   17   38    0    0    0   -2  -44   40   31    0   -9    0    8   45   41    0   49   26   44  -17  -18    7    7   45   36   41  -11    0
   38   21   42    0  -47    0    0  -17   14    0  -43    0    0   -2    0    4    0    0  -27  -40   33  -12  -26  -20  -39    1  -48  -45   37   37
   45    0   37    0    7   -2  -17    0   34   48   18   45  -36    0   48   -8   40   -4    0    0   19    0   10   24   40  -16   49  -11    0   39
  -42   17  -45    0  -34  -44   14   34    0   34    0   25   23  -34   49   33   36    0   -2  -24  -23   28   -9  -41    0  -23  -40   33   37  -41
   36   21  -41    0    0   40    0   48   34    0  -23   -2    0   37  -28   15   -7   40    5    0   -1  -23   13    0  -26  -18   34   18    7   -2
    0   39    0  -17  -22   31  -43   18    0  -23    0    0   14   11  -10  -47  -48    0   43   21    0  -16   39  -16  -36  -39    0  -18   -3   46
   16   22  -18  -12   11    0    0   45   25   -2    0    0   28  -37  -34  -36  -28   44   18  -42  -44   14    0   45   33  -30   34  -48  -21  -45
  -40  -49    0    0    0   -9    0  -36   23    0   14   28    0  -26    0    0  -10    0  -20    0   38  -43    8   25  -23   22    0   49   49   -3
  -41    0   29   24    0    0   -2    0  -34   37   11  -37  -26    0    0    0  -23    0    0  -42  -38   36  -41    0   12  -16  -35    0    0  -40
   32   26   46   49  -23    8    0   48   49  -28  -10  -34    0    0    0  -37  -50  -44   45    0    0    0    0   16   -7   13   28    0    0    0
    0    2  -18    1   11   45    4   -8   33   15  -47  -36    0    0  -37    0   28   16  -34    4  -33   -8   47  -25    9    0   -3    0   40  -46
    0    0   33   -8  -28   41    0   40   36   -7  -48  -28  -10  -23  -50   28    0   10  -38   13  -29   10  -33   32   32    0   31  -47   -1    0
   47   24  -24   -8   18    0    0   -4    0   40    0   44    0    0  -44   16   10    0  -19   27  -32    0   40   35   50   49   43  -23   12  -17
  -34  -38   18   25   -1   49  -27    0   -2    5   43   18  -20    0   45  -34  -38  -19    0    0   35    6  -17   48  -29  -18   33    1   40  -30
    0   21    0   -5   27   26  -40    0  -24    0   21  -42    0  -42    0    4   13   27    0    0  -25  -12    0    0   33    0  -16    4  -38  -48
    0    7   35    0  -39   44   33   19  -23   -1    0  -44   38  -38    0  -33  -29  -32   35  -25    0   47    9  -36  -12  -49   10  -45  -14    0
    0   48   21   26    5  -17  -12    0   28  -23  -16   14  -43   36    0   -8   10    0    6  -12   47    0   33  -39    0    0   30    0  -38  -14
  -20    0   -8  -11  -36  -18  -26   10   -9   13   39    0    8  -41    0   47  -33   40  -17    0    9   33    0    0   30    0  -10   34  -25   20
   22    1    0   41   25    7  -20   24  -41    0  -16   45   25    0   16  -25   32   35   48    0  -36  -39    0    0  -17  -47   23  -49  -48   12
  -16   -2   -5    7    0    7  -39   40    0  -26  -36   33  -23   12   -7    9   32   50  -29   33  -12    0   30  -17    0   36    0  -37  -24    0
   -8   27  -35    0   41   45    1  -16  -23  -18  -39  -30   22  -16   13    0    0   49  -18    0  -49    0    0  -47   36    0   32    0    0   31
   29   48   -2   18    1   36  -48   49  -40   34    0   34    0  -35   28   -3   31   43   33  -16   10   30  -10   23    0   32    0   17   50  -41
    0    0  -28   42  -32   41  -45  -11   33   18  -18  -48   49    0    0    0  -47  -23    1    4  -45    0   34  -49  -37    0   17    0   21   -6
  -24   19   39   39    8  -11   37    0   37    7   -3  -21   49    0    0   40   -1   12   40  -38  -14  -38  -25  -48  -24    0   50   21    0   -9
   -8    5  -37   29    0    0   37   39  -41   -2   46  -45   -3  -40    0  -46    0  -17  -30  -48    0  -14   20   12    0   31  -41   -6   -9    0
