QBPP_HJ*_25_050_06_5
25 200 14
47 32 48 29 19 40 17 31 6 2 18 7 7 17 7 3 14 50 16 15 47 40 17 29 41
    0  -30  -31    0    0  -50   39  -25    0   44  -18    0    0  -26    0    0  -31   40  -28  -37    0    0  -11    0  -25
  -30    0    0    0    0    0  -49    0    0  -11    0   -8  -32  -24    0    0  -28    0  -39  -41    0   -7   32  -49    0
  -31    0    0   -7    6   14   32    2   30  -37    0    0  -27    0   42    0    0   14  -28    0   45  -45  -21    0   -8
    0    0   -7    0  -44  -23  -40   32    0    0    0    7    0    0   -6    2    0   41  -13    0   24  -22    0   17    0
    0    0    6  -44    0    0    0   48    0    0   38   41    0    0    9    0  -30    0    0  -24    0  -48  -26    0    0
  -50    0   14  -23    0    0    0   23   25    0    0    0    0  -12   23  -38   19    0    0    0    0    0  -41    0   28
   39  -49   32  -40    0    0    0   -8    0   -2    0    1  -33    0    0   50    0  -49  -43    0    0  -12    0   47    1
  -25    0    2   32   48   23   -8    0    0  -27   42    0  -32   20  -43   49    0    0    0    0  -19  -29    0    0    0
    0    0   30    0    0   25    0    0    0   45   24    0    0  -47  -16  -42    0  -16    0   44  -37   39   -6    0    0
   44  -11  -37    0    0    0   -2  -27   45    0    0   38  -44    0  -43    0  -48    0   33    0    0    0    0   11   17
  -18    0    0    0   38    0    0   42   24    0    0    0    0    8  -23    0    0   20    0   -1    0  -43   -5  -47  -13
    0   -8    0    7   41    0    1    0    0   38    0    0  -37   22   10  -12  -46    4    0    0    0    0   23  -44    0
    0  -32  -27    0    0    0  -33  -32    0  -44    0  -37    0   18    0   -9    0   45    0   -4   33   -9    0    0    0
  -26  -24    0    0    0  -12    0   20  -47    0    8   22   18    0   47   -7  -33    0  -49    8   49    0    0  -14  -25
    0    0   42   -6    9   23    0  -43  -16  -43  -23   10    0   47    0    0   15    0    0    0   44   29   13    0  -38
    0    0    0    2    0  -38   50   49  -42    0    0  -12   -9   -7    0    0    0   18    0    0   46  -26   12    0  -18
  -31  -28    0    0  -30   19    0    0    0  -48    0  -46    0  -33   15    0    0    0   10  -46    0  -38    0   47  -45
   40    0   14   41    0    0  -49    0  -16    0   20    4   45    0    0   18    0    0    0  -30    0  -34  -33    0    0
  -28  -39  -28  -13    0    0  -43    0    0   33    0    0    0  -49    0    0   10    0    0    0    0    0    0    0    5
  -37  -41    0    0  -24    0    0    0   44    0   -1    0   -4    8    0    0  -46  -30    0    0  -50    0  -41   39    0
    0    0   45   24    0    0    0  -19  -37    0    0    0   33   49   44   46    0    0    0  -50    0    0    0  -46    0
    0   -7  -45  -22  -48    0  -12  -29   39    0  -43    0   -9    0   29  -26  -38  -34    0    0    0    0    0    0    0
  -11   32  -21    0  -26  -41    0    0   -6    0   -5   23    0    0   13   12    0  -33    0  -41    0    0    0    0    0
    0  -49    0   17    0    0   47    0    0   11  -47  -44    0  -14    0    0   47    0    0   39  -46    0    0    0    0
  -25    0   -8    0    0   28    1    0    0   17  -13    0    0  -25  -38  -18  -45    0    5    0    0    0    0    0    0
