QBPP_HJ-_45_075_06_4
45 415 187
4 12 3 48 7 32 23 37 18 49 13 6 19 50 31 38 30 16 27 9 47 20 41 29 46 36 49 41 28 48 29 41 21 21 21 7 18 33 39 24 8 17 46 13 48
     0   -10   -53     0   -53     0     0   -90   -48     0    -2   -44     0   -75   -77    -6   -69   -10   -25     0   -55   -17     0   -92   -62   -71   -39   -36   -51   -55     0   -36    -8   -61   -84   -10   -15   -31   -43   -41   -80     0   -80   -66   -78
   -10     0   -49   -93    -1     0   -59   -18   -78   -16   -11   -20   -66     0     0   -92   -80   -84     0    -8   -24   -78     0   -99   -20   -57     0   -79     0    -1   -66   -67    -9   -45   -49   -66   -68     0  -100   -57   -43   -92   -28   -79     0
   -53   -49     0     0   -61     0     0   -13   -64   -68     0    -9   -39   -48   -80   -20   -15   -79   -16   -27   -57   -97   -41   -73   -83   -26     0   -53   -34   -89   -62     0   -84   -50    -4   -46   -10     0     0   -96     0     0   -98   -64   -49
     0   -93     0     0     0   -96     0    -4   -61   -15   -32    -6   -26   -24     0     0     0   -75   -73    -4   -50     0   -94     0   -30   -52   -55     0   -83     0     0     0   -34    -8   -17     0   -50   -74     0     0   -32   -32   -65     0   -86
   -53    -1   -61     0     0   -31   -85   -25   -69     0   -38     0   -50     0     0    -8   -66     0   -19   -93   -56   -50   -69   -75   -78   -71   -77    -3     0   -47   -28   -44    -1    -2   -18   -83  -100   -36   -60    -9   -47   -57   -63     0   -18
     0     0     0   -96   -31     0   -76   -17   -40   -14   -65   -41     0   -98   -95   -54   -97    -4   -36   -96   -21   -11   -99   -90     0     0   -43   -82   -37   -85     0   -65   -69    -5    -9   -45   -31     0   -27     0     0   -48     0   -23   -92
     0   -59     0     0   -85   -76     0   -82   -50   -16    -5   -12   -56   -40   -43   -13   -35   -33     0     0   -75   -72   -43     0   -34   -36   -11     0   -45    -9   -41   -62   -39   -55   -13   -97   -70     0   -75   -80   -85   -28   -17   -44   -60
   -90   -18   -13    -4   -25   -17   -82     0   -56   -55   -14   -19   -26    -5    -7   -60   -71    -2   -70     0    -4    -9   -37   -51   -60     0   -20   -94   -17   -96   -17     0   -17   -66     0   -71   -93   -75     0   -46   -64     0    -2   -14   -81
   -48   -78   -64   -61   -69   -40   -50   -56     0   -75   -87   -66     0    -8   -28   -97    -2     0     0     0   -89   -16     0   -61   -79   -89   -87   -59     0     0   -11   -20     0   -45   -83   -14   -66     0   -54   -98   -93     0   -75   -80     0
     0   -16   -68   -15     0   -14   -16   -55   -75     0   -61   -32   -52   -12    -4   -41     0   -83   -84     0   -50   -74   -43     0     0   -75   -43   -78   -33   -91   -67   -19     0     0   -32   -90     0   -49     0   -99   -46   -54     0   -84   -30
    -2   -11     0   -32   -38   -65    -5   -14   -87   -61     0   -70   -46     0   -79   -51   -30   -33   -92   -57   -99     0    -1   -19   -92   -67     0   -80   -20     0   -89    -3   -92   -82   -18    -5   -96   -12   -73     0   -93   -45   -98   -38     0
   -44   -20    -9    -6     0   -41   -12   -19   -66   -32   -70     0   -90   -79   -37   -40     0   -57    -2   -67   -52   -71     0     0     0   -39     0   -71     0   -56   -21     0   -51   -79     0     0   -11   -56     0     0   -48   -17    -6   -45   -57
     0   -66   -39   -26   -50     0   -56   -26     0   -52   -46   -90     0   -87   -45   -39   -88   -55   -99   -97   -12     0   -96   -16     0     0   -36     0     0     0   -94   -42     0   -38   -24     0     0   -77   -98   -95   -15     0   -71   -22   -46
   -75     0   -48   -24     0   -98   -40    -5    -8   -12     0   -79   -87     0   -62     0     0   -39     0     0   -71     0   -35   -45   -53   -89   -67   -67   -87   -68   -37     0   -36   -44   -57   -43     0     0     0   -27   -16   -25   -91   -60   -34
   -77     0   -80     0     0   -95   -43    -7   -28    -4   -79   -37   -45   -62     0     0   -94   -41   -90   -34   -92   -95   -28   -44     0   -92   -58   -35   -75   -38     0     0     0   -26   -51   -27   -34   -86   -49     0     0   -60   -85    -3   -92
    -6   -92   -20     0    -8   -54   -13   -60   -97   -41   -51   -40   -39     0     0     0   -57     0     0   -40   -25     0   -89   -35     0   -14   -84   -68     0   -39     0   -69   -42   -54   -72     0   -31   -66     0   -45   -86   -87     0     0     0
   -69   -80   -15     0   -66   -97   -35   -71    -2     0   -30     0   -88     0   -94   -57     0     0   -44     0   -91     0   -52   -14   -84   -35   -46     0   -62     0    -6     0     0   -24   -62   -41   -97   -95     0   -57   -75     0   -61   -36   -60
   -10   -84   -79   -75     0    -4   -33    -2     0   -83   -33   -57   -55   -39   -41     0     0     0   -10   -21   -91     0     0   -68     0   -70     0     0   -36   -96   -11   -80   -10    -1   -34     0   -66   -93   -70   -20   -43    -6    -6   -20   -17
   -25     0   -16   -73   -19   -36     0   -70     0   -84   -92    -2   -99     0   -90     0   -44   -10     0     0   -22   -92   -94     0   -95     0   -36  -100   -64   -73   -81     0     0   -60    -7   -57     0   -90   -10     0     0   -72   -70     0   -12
     0    -8   -27    -4   -93   -96     0     0     0     0   -57   -67   -97     0   -34   -40     0   -21     0     0     0   -42   -31     0   -17     0   -57     0     0     0   -68     0   -94   -17   -93   -80   -59   -84     0   -57     0    -5    -2  -100   -55
   -55   -24   -57   -50   -56   -21   -75    -4   -89   -50   -99   -52   -12   -71   -92   -25   -91   -91   -22     0     0   -40     0   -34   -58   -67     0   -98     0   -36   -22   -90   -33   -70   -46     0   -16   -62   -35   -27   -56     0     0     0   -49
   -17   -78   -97     0   -50   -11   -72    -9   -16   -74     0   -71     0     0   -95     0     0     0   -92   -42   -40     0     0   -79   -94    -1   -42    -1   -20   -34   -88     0     0   -86   -70    -5   -20    -9   -15   -43   -50   -87     0     0   -31
     0     0   -41   -94   -69   -99   -43   -37     0   -43    -1     0   -96   -35   -28   -89   -52     0   -94   -31     0     0     0   -85     0   -37   -28   -12     0   -76   -49  -100     0   -24   -83     0   -48     0   -92    -6   -85   -42   -77   -87   -88
   -92   -99   -73     0   -75   -90     0   -51   -61     0   -19     0   -16   -45   -44   -35   -14   -68     0     0   -34   -79   -85     0   -79     0     0   -24     0   -50     0   -87     0     0    -4     0   -89   -36   -37     0   -47     0   -31   -98   -62
   -62   -20   -83   -30   -78     0   -34   -60   -79     0   -92     0     0   -53     0     0   -84     0   -95   -17   -58   -94     0   -79     0   -52   -50     0   -57   -31     0   -18   -56   -32   -11     0   -39   -94     0     0   -24     0   -48   -57   -96
   -71   -57   -26   -52   -71     0   -36     0   -89   -75   -67   -39     0   -89   -92   -14   -35   -70     0     0   -67    -1   -37     0   -52     0   -54     0   -85   -14    -4   -98   -25   -50   -68   -98     0     0   -70   -99   -40     0   -88   -98    -3
   -39     0     0   -55   -77   -43   -11   -20   -87   -43     0     0   -36   -67   -58   -84   -46     0   -36   -57     0   -42   -28     0   -50   -54     0   -33     0    -5   -17   -12     0   -40   -70     0   -32   -44   -82   -61   -90    -4   -37   -14     0
   -36   -79   -53     0    -3   -82     0   -94   -59   -78   -80   -71     0   -67   -35   -68     0     0  -100     0   -98    -1   -12   -24     0     0   -33     0   -71     0   -85     0   -99   -67   -39   -30   -37   -40   -99     0   -33    -5   -93   -87     0
   -51     0   -34   -83     0   -37   -45   -17     0   -33   -20     0     0   -87   -75     0   -62   -36   -64     0     0   -20     0     0   -57   -85     0   -71     0   -30   -32     0   -65   -54   -24     0     0  -100   -35   -87   -71     0    -5     0   -97
   -55    -1   -89     0   -47   -85    -9   -96     0   -91     0   -56     0   -68   -38   -39     0   -96   -73     0   -36   -34   -76   -50   -31   -14    -5     0   -30     0   -71   -11   -85   -69   -62   -54     0   -46     0   -11     0   -82   -26   -81     0
     0   -66   -62     0   -28     0   -41   -17   -11   -67   -89   -21   -94   -37     0     0    -6   -11   -81   -68   -22   -88   -49     0     0    -4   -17   -85   -32   -71     0   -23   -70   -92     0   -76   -37   -31   -30   -28   -16     0   -80   -37   -49
   -36   -67     0     0   -44   -65   -62     0   -20   -19    -3     0   -42     0     0   -69     0   -80     0     0   -90     0  -100   -87   -18   -98   -12     0     0   -11   -23     0   -20     0   -59     0   -57   -18   -47   -85   -65     0   -26    -1   -20
    -8    -9   -84   -34    -1   -69   -39   -17     0     0   -92   -51     0   -36     0   -42     0   -10     0   -94   -33     0     0     0   -56   -25     0   -99   -65   -85   -70   -20     0   -41   -31   -47   -45   -35   -51   -52   -40   -56     0   -13   -80
   -61   -45   -50    -8    -2    -5   -55   -66   -45     0   -82   -79   -38   -44   -26   -54   -24    -1   -60   -17   -70   -86   -24     0   -32   -50   -40   -67   -54   -69   -92     0   -41     0   -65   -27     0   -65   -67     0   -73   -89   -29     0   -52
   -84   -49    -4   -17   -18    -9   -13     0   -83   -32   -18     0   -24   -57   -51   -72   -62   -34    -7   -93   -46   -70   -83    -4   -11   -68   -70   -39   -24   -62     0   -59   -31   -65     0     0   -73   -61   -57   -48     0   -50     0   -54    -4
   -10   -66   -46     0   -83   -45   -97   -71   -14   -90    -5     0     0   -43   -27     0   -41     0   -57   -80     0    -5     0     0     0   -98     0   -30     0   -54   -76     0   -47   -27     0     0   -43    -8   -20     0     0   -75   -91     0   -77
   -15   -68   -10   -50  -100   -31   -70   -93   -66     0   -96   -11     0     0   -34   -31   -97   -66     0   -59   -16   -20   -48   -89   -39     0   -32   -37     0     0   -37   -57   -45     0   -73   -43     0   -57    -6   -19   -18   -68   -58   -17   -30
   -31     0     0   -74   -36     0     0   -75     0   -49   -12   -56   -77     0   -86   -66   -95   -93   -90   -84   -62    -9     0   -36   -94     0   -44   -40  -100   -46   -31   -18   -35   -65   -61    -8   -57     0     0   -70    -5     0   -50   -48   -17
   -43  -100     0     0   -60   -27   -75     0   -54     0   -73     0   -98     0   -49     0     0   -70   -10     0   -35   -15   -92   -37     0   -70   -82   -99   -35     0   -30   -47   -51   -67   -57   -20    -6     0     0     0     0   -71     0    -4     0
   -41   -57   -96     0    -9     0   -80   -46   -98   -99     0     0   -95   -27     0   -45   -57   -20     0   -57   -27   -43    -6     0     0   -99   -61     0   -87   -11   -28   -85   -52     0   -48     0   -19   -70     0     0   -36   -84   -74     0   -10
   -80   -43     0   -32   -47     0   -85   -64   -93   -46   -93   -48   -15   -16     0   -86   -75   -43     0     0   -56   -50   -85   -47   -24   -40   -90   -33   -71     0   -16   -65   -40   -73     0     0   -18    -5     0   -36     0     0     0   -13     0
     0   -92     0   -32   -57   -48   -28     0     0   -54   -45   -17     0   -25   -60   -87     0    -6   -72    -5     0   -87   -42     0     0     0    -4    -5     0   -82     0     0   -56   -89   -50   -75   -68     0   -71   -84     0     0     0   -65   -13
   -80   -28   -98   -65   -63     0   -17    -2   -75     0   -98    -6   -71   -91   -85     0   -61    -6   -70    -2     0     0   -77   -31   -48   -88   -37   -93    -5   -26   -80   -26     0   -29     0   -91   -58   -50     0   -74     0     0     0   -41   -69
   -66   -79   -64     0     0   -23   -44   -14   -80   -84   -38   -45   -22   -60    -3     0   -36   -20     0  -100     0     0   -87   -98   -57   -98   -14   -87     0   -81   -37    -1   -13     0   -54     0   -17   -48    -4     0   -13   -65   -41     0   -43
   -78     0   -49   -86   -18   -92   -60   -81     0   -30     0   -57   -46   -34   -92     0   -60   -17   -12   -55   -49   -31   -88   -62   -96    -3     0     0   -97     0   -49   -20   -80   -52    -4   -77   -30   -17     0   -10     0   -13   -69   -43     0
