QBPP_HJ+_45_075_06_1
45 412 190
8 27 5 38 22 33 44 40 20 38 26 5 50 39 47 47 18 20 20 5 48 50 34 49 8 43 38 46 4 27 16 10 18 8 29 6 10 22 49 39 35 34 28 12 19
    0   60    0    0   68    5   80    0   31   28   64   64    0    6    0   60   48   71   43   94    0   18   95   32   95  100   89   32   87    0   93   48   75   24   72   48    0    0   43   73   25    0   75    0    8
   60    0    6   60   28   19   48   72    0    8    0   83   66    0   22   30   14   69   33   68    0    0   60   60   38    0   87    1   24   47    0   31   74    9    0    0   23   73   97    0   57   71   52   84   55
    0    6    0   14   84   43   67   10   85   33    0   22   16   57   79   83   78   14   11    1    0   19   28   26   54   66    0    0   24    0    0   44   53    0   95   64    0    0    0   76   67   76    0   29   84
    0   60   14    0    0    0   23   13    0    0   14   67   23    0   19    4   99    0   11   40   79   27   36    0   18   83   18   25    0   71   72   34   57    3   83    5    0   74    0   76   27   82  100   88   70
   68   28   84    0    0   42    1    1   12   80   17   49    0   61    0   79    0    1    0    0   79   15   81   54   28   22   71    0   86   37   62   59   16    8    0   62   69   74   74   20   98    7    0    0    0
    5   19   43    0   42    0    0   61    8    0   82   84   78   17   89    7   72   77   70    0   99   69    0    0   65    0   74   85   70   39   72    3   41    3   84   32   11    0   17    0   96   32   51    0   31
   80   48   67   23    1    0    0   38   63   41    3   39    0   22   74   39    2   25    0    0    0    0   83   39   89   78    0    0   80    6   42   84    0   76   47   83   37   90    0    0    0   59    0   33   28
    0   72   10   13    1   61   38    0   58    0    0    3   43   71   38    0   80   10   75   30    0    0   28   54   89    1    8   98   83   42   58   87   67   16   77   69   91    0   48   96   57   74    0    9   41
   31    0   85    0   12    8   63   58    0   30    0   89   36   51   13   62   17   43   93   21   85    4   43   85   88   18   86   30   53    0    0   80   84   72   18   72   32   80   43    0   27   74   88    0   42
   28    8   33    0   80    0   41    0   30    0   36   63    0   24    0   58   41    7    0   51   64   36    0   91    0   29   41    0    0   50   40    0    0   12   92   55    0   55   96   20   44   23   29   47   34
   64    0    0   14   17   82    3    0    0   36    0   46   46    0    0   32   89    0    0   94   99   97    0   17    5   95   20   25   33   75    0   14   36   65    0    0   89    0   77   47   21   88    0   69    0
   64   83   22   67   49   84   39    3   89   63   46    0   26   11   40   73   89   26    0   95    0   87   86   69   50   46   38    0    0   92    0    4   24   44   93   36    0    0   67    0   86   27   36   20   86
    0   66   16   23    0   78    0   43   36    0   46   26    0   34    0    0   42   95   34    0   86   91   77   49   49    7    0   40   53   59    0    0   86    0   77    0   92    0    0    0    0   65   22   19   27
    6    0   57    0   61   17   22   71   51   24    0   11   34    0    6    0    0    0    0    0   34   70   69   10   21   80   31   37   30    4    0   19    0    5   59    3   13   96   56   99   76   13   77    0   91
    0   22   79   19    0   89   74   38   13    0    0   40    0    6    0   42   41   40   35    0   46  100   20   35   50   12    0   13   86   37   73   22   89   15   45   16   95   81   52    0   15   74   77   86   68
   60   30   83    4   79    7   39    0   62   58   32   73    0    0   42    0   73   88   89   40   37    0    0   19    2    0   96   97   10   85   68    0    0   86    0   95   34    0   64    0   13   74    0    0   14
   48   14   78   99    0   72    2   80   17   41   89   89   42    0   41   73    0   22    0   32    2   33   77   48   46   48   26   36   70   13   59   83   51   69    0   38   92   27    1    0   87   58   62    0    0
   71   69   14    0    1   77   25   10   43    7    0   26   95    0   40   88   22    0    0   76   66   22   72    0   21   45   91   89   88    0    9    7   27   53   45   63    0    8   77   84   45   85    0   17   57
   43   33   11   11    0   70    0   75   93    0    0    0   34    0   35   89    0    0    0   70    8   82    0   41   39    0   93   18    0   84    0    8   48    0    0   98   43   43   44   58   18   71    0   30   19
   94   68    1   40    0    0    0   30   21   51   94   95    0    0    0   40   32   76   70    0   16   14   96    0   24    0   20   87    0    3    0   30   48   51    3    0   74    0    0   49    0   38   50   88   72
    0    0    0   79   79   99    0    0   85   64   99    0   86   34   46   37    2   66    8   16    0    0   27   89   94   71   22   49    0   25   60   27   13   51    0   74   25   91   10   96   46   45   54   74   31
   18    0   19   27   15   69    0    0    4   36   97   87   91   70  100    0   33   22   82   14    0    0   52   90    9   77   98    0   26    0   94    0    0   27   35   20    0   55    0   34   49   80   46   56   61
   95   60   28   36   81    0   83   28   43    0    0   86   77   69   20    0   77   72    0   96   27   52    0   91    0   39   35   11    8   19   88   32    5    0   82   59   70    0   11   11    0    0   32   12    0
   32   60   26    0   54    0   39   54   85   91   17   69   49   10   35   19   48    0   41    0   89   90   91    0   49   53   26   67    0   46    0   38    5   17   22    4   73   30    0    0    0    0    0   77    0
   95   38   54   18   28   65   89   89   88    0    5   50   49   21   50    2   46   21   39   24   94    9    0   49    0   77   76   26   90   77   11   90    7    0   51   80    0    0   66   28   28   64    0   94   44
  100    0   66   83   22    0   78    1   18   29   95   46    7   80   12    0   48   45    0    0   71   77   39   53   77    0   55    9    6   23   50    0   61   31   32   10   90   49   30    9   42   21   83   37   81
   89   87    0   18   71   74    0    8   86   41   20   38    0   31    0   96   26   91   93   20   22   98   35   26   76   55    0   27   74    0    0   87   68   25   43   59    0   11   31   80   40   61    0   64   92
   32    1    0   25    0   85    0   98   30    0   25    0   40   37   13   97   36   89   18   87   49    0   11   67   26    9   27    0   90   72   94   48   35   75    0    2    0    0    0   83   28   70   91   31   74
   87   24   24    0   86   70   80   83   53    0   33    0   53   30   86   10   70   88    0    0    0   26    8    0   90    6   74   90    0   10    0   33   44   69   54   65   83    0    4   84   69    0    7   72   48
    0   47    0   71   37   39    6   42    0   50   75   92   59    4   37   85   13    0   84    3   25    0   19   46   77   23    0   72   10    0    0   60   76   82   36    0   32   66   23    0   46  100    0   61   59
   93    0    0   72   62   72   42   58    0   40    0    0    0    0   73   68   59    9    0    0   60   94   88    0   11   50    0   94    0    0    0   63    0   20   33    0   90   81    0   89    0   51   70   82   83
   48   31   44   34   59    3   84   87   80    0   14    4    0   19   22    0   83    7    8   30   27    0   32   38   90    0   87   48   33   60   63    0   98   98    0   98   48   14   40   84    0   12   44    5   64
   75   74   53   57   16   41    0   67   84    0   36   24   86    0   89    0   51   27   48   48   13    0    5    5    7   61   68   35   44   76    0   98    0   49    0  100   42   37   88   92   42   71   74    0   79
   24    9    0    3    8    3   76   16   72   12   65   44    0    5   15   86   69   53    0   51   51   27    0   17    0   31   25   75   69   82   20   98   49    0   87   95    0   77   57    0   40   33    0    5   94
   72    0   95   83    0   84   47   77   18   92    0   93   77   59   45    0    0   45    0    3    0   35   82   22   51   32   43    0   54   36   33    0    0   87    0   96    5    0    0   43    0   26    0   18   10
   48    0   64    5   62   32   83   69   72   55    0   36    0    3   16   95   38   63   98    0   74   20   59    4   80   10   59    2   65    0    0   98  100   95   96    0    0   41   84    5   68   93   38    0    0
    0   23    0    0   69   11   37   91   32    0   89    0   92   13   95   34   92    0   43   74   25    0   70   73    0   90    0    0   83   32   90   48   42    0    5    0    0    3    0   10    0   92   45   80   65
    0   73    0   74   74    0   90    0   80   55    0    0    0   96   81    0   27    8   43    0   91   55    0   30    0   49   11    0    0   66   81   14   37   77    0   41    3    0   87   17   27   80    0    0    0
   43   97    0    0   74   17    0   48   43   96   77   67    0   56   52   64    1   77   44    0   10    0   11    0   66   30   31    0    4   23    0   40   88   57    0   84    0   87    0   94   38   72   83   14   99
   73    0   76   76   20    0    0   96    0   20   47    0    0   99    0    0    0   84   58   49   96   34   11    0   28    9   80   83   84    0   89   84   92    0   43    5   10   17   94    0    0   19   24   62   98
   25   57   67   27   98   96    0   57   27   44   21   86    0   76   15   13   87   45   18    0   46   49    0    0   28   42   40   28   69   46    0    0   42   40    0   68    0   27   38    0    0   12    0    0   21
    0   71   76   82    7   32   59   74   74   23   88   27   65   13   74   74   58   85   71   38   45   80    0    0   64   21   61   70    0  100   51   12   71   33   26   93   92   80   72   19   12    0    0   30    2
   75   52    0  100    0   51    0    0   88   29    0   36   22   77   77    0   62    0    0   50   54   46   32    0    0   83    0   91    7    0   70   44   74    0    0   38   45    0   83   24    0    0    0   27    0
    0   84   29   88    0    0   33    9    0   47   69   20   19    0   86    0    0   17   30   88   74   56   12   77   94   37   64   31   72   61   82    5    0    5   18    0   80    0   14   62    0   30   27    0   79
    8   55   84   70    0   31   28   41   42   34    0   86   27   91   68   14    0   57   19   72   31   61    0    0   44   81   92   74   48   59   83   64   79   94   10    0   65    0   99   98   21    2    0   79    0
