QBPP_HJ-_35_075_06_2
35 255 183
45 10 22 12 8 3 12 29 34 8 25 15 9 29 19 25 41 38 16 31 20 30 5 35 44 9 14 8 2 18 27 38 27 10 47
     0    -6     0   -99   -94   -69   -59   -10     0   -82  -100   -41   -85     0   -35     0   -80     0   -84   -24   -84   -41   -40   -42   -49   -73   -53   -74   -23   -60   -16     0   -11   -34     0
    -6     0     0     0     0   -89   -46   -28   -92   -72   -57     0   -57     0   -87   -99   -25     0   -98     0   -36     0   -42   -83   -42     0   -56   -37   -93   -42   -35   -35   -54   -48   -26
     0     0     0   -33     0   -17   -46   -86     0     0   -45   -27   -45   -59   -25   -72     0   -68     0   -79     0     0     0     0     0     0   -90     0    -5   -84     0   -49   -97   -46   -62
   -99     0   -33     0     0   -22   -75     0   -49   -51   -32   -66   -46   -23   -81     0     0   -95   -22   -41   -21   -11     0   -55     0    -5   -76   -17   -24   -73     0   -55     0   -89   -53
   -94     0     0     0     0   -96   -28   -86    -2   -31     0   -29   -31   -49   -22     0   -42   -16   -24   -19   -85   -68   -65   -81   -61   -83   -60   -26   -89     0     0   -98     0   -38   -12
   -69   -89   -17   -22   -96     0    -2    -5   -67   -37   -15     0     0   -85   -84   -36   -35   -17   -24   -30   -76     0     0   -15     0   -19   -32   -22   -47   -98   -25   -49     0   -69   -45
   -59   -46   -46   -75   -28    -2     0   -18    -9   -63   -13   -95   -84   -53   -57   -78     0     0     0   -32   -50   -71   -17   -41   -77     0   -29   -67   -46   -21     0   -82   -38     0   -79
   -10   -28   -86     0   -86    -5   -18     0   -44   -64     0   -21   -89   -82    -4   -26     0     0   -94   -51    -1     0     0   -70   -86     0     0   -10  -100     0   -37   -80   -78   -79   -52
     0   -92     0   -49    -2   -67    -9   -44     0   -62     0   -75   -72     0   -68   -19   -32   -67    -3   -77   -11   -40   -90   -71   -17     0   -36   -95     0   -24   -67     0   -66     0     0
   -82   -72     0   -51   -31   -37   -63   -64   -62     0   -75  -100   -43   -20   -42     0   -11   -40   -55     0     0    -1   -55     0   -26   -61     0   -47   -92   -90   -29   -21   -77   -29   -95
  -100   -57   -45   -32     0   -15   -13     0     0   -75     0   -32    -8     0   -25   -89     0   -45   -85     0   -24   -18   -83     0   -15     0   -40   -51   -14   -20   -54   -36   -88   -79   -71
   -41     0   -27   -66   -29     0   -95   -21   -75  -100   -32     0   -38   -47   -84     0   -21   -89   -95   -84   -99     0   -71   -94   -24   -73     0   -46   -84   -74     0   -68   -17    -1   -76
   -85   -57   -45   -46   -31     0   -84   -89   -72   -43    -8   -38     0   -19   -24    -4   -69   -29   -71   -51     0   -16   -40     0     0   -85     0   -18   -70   -51   -48   -55     0   -86     0
     0     0   -59   -23   -49   -85   -53   -82     0   -20     0   -47   -19     0     0   -49    -1   -42   -62     0   -98     0    -7   -27   -64     0    -2   -28   -23   -15   -53   -28   -10   -56   -68
   -35   -87   -25   -81   -22   -84   -57    -4   -68   -42   -25   -84   -24     0     0   -49   -80    -5    -6   -22     0   -40    -5    -2   -27   -18    -6     0   -32     0   -77   -70     0     0   -14
     0   -99   -72     0     0   -36   -78   -26   -19     0   -89     0    -4   -49   -49     0   -93   -92    -6   -17   -18   -48   -81   -11     0   -73   -87   -16     0   -28     0     0   -32    -4   -43
   -80   -25     0     0   -42   -35     0     0   -32   -11     0   -21   -69    -1   -80   -93     0   -59   -54     0     0   -92   -52   -45   -49   -34   -68   -88   -47   -25    -4   -56     0   -26   -81
     0     0   -68   -95   -16   -17     0     0   -67   -40   -45   -89   -29   -42    -5   -92   -59     0   -72   -38     0   -25   -73   -80   -68   -79   -97   -92   -49   -47     0   -68   -96   -67   -60
   -84   -98     0   -22   -24   -24     0   -94    -3   -55   -85   -95   -71   -62    -6    -6   -54   -72     0     0     0   -94    -4    -9   -92   -32   -40   -42     0    -8   -69   -94   -61     0   -25
   -24     0   -79   -41   -19   -30   -32   -51   -77     0     0   -84   -51     0   -22   -17     0   -38     0     0   -64   -51   -58   -30     0     0   -42   -54     0   -14   -39     0     0   -27   -15
   -84   -36     0   -21   -85   -76   -50    -1   -11     0   -24   -99     0   -98     0   -18     0     0     0   -64     0     0   -59   -12     0    -6     0     0     0   -75     0   -82   -87   -23     0
   -41     0     0   -11   -68     0   -71     0   -40    -1   -18     0   -16     0   -40   -48   -92   -25   -94   -51     0     0     0   -96     0   -31   -51   -84  -100     0     0     0   -11    -3   -20
   -40   -42     0     0   -65     0   -17     0   -90   -55   -83   -71   -40    -7    -5   -81   -52   -73    -4   -58   -59     0     0   -43   -98   -51   -69   -34   -19   -40   -89   -83     0   -82    -1
   -42   -83     0   -55   -81   -15   -41   -70   -71     0     0   -94     0   -27    -2   -11   -45   -80    -9   -30   -12   -96   -43     0   -43     0   -20   -79   -87   -65   -94   -90   -28     0   -57
   -49   -42     0     0   -61     0   -77   -86   -17   -26   -15   -24     0   -64   -27     0   -49   -68   -92     0     0     0   -98   -43     0   -77   -91   -17   -46   -75   -79    -1     0   -71   -23
   -73     0     0    -5   -83   -19     0     0     0   -61     0   -73   -85     0   -18   -73   -34   -79   -32     0    -6   -31   -51     0   -77     0   -90   -31   -58     0     0     0   -26   -50   -45
   -53   -56   -90   -76   -60   -32   -29     0   -36     0   -40     0     0    -2    -6   -87   -68   -97   -40   -42     0   -51   -69   -20   -91   -90     0   -66   -79   -85   -24     0   -62   -46     0
   -74   -37     0   -17   -26   -22   -67   -10   -95   -47   -51   -46   -18   -28     0   -16   -88   -92   -42   -54     0   -84   -34   -79   -17   -31   -66     0     0     0   -21     0     0     0   -99
   -23   -93    -5   -24   -89   -47   -46  -100     0   -92   -14   -84   -70   -23   -32     0   -47   -49     0     0     0  -100   -19   -87   -46   -58   -79     0     0   -83     0     0   -14   -59   -66
   -60   -42   -84   -73     0   -98   -21     0   -24   -90   -20   -74   -51   -15     0   -28   -25   -47    -8   -14   -75     0   -40   -65   -75     0   -85     0   -83     0   -39   -79   -13   -53   -17
   -16   -35     0     0     0   -25     0   -37   -67   -29   -54     0   -48   -53   -77     0    -4     0   -69   -39     0     0   -89   -94   -79     0   -24   -21     0   -39     0     0   -84   -16     0
     0   -35   -49   -55   -98   -49   -82   -80     0   -21   -36   -68   -55   -28   -70     0   -56   -68   -94     0   -82     0   -83   -90    -1     0     0     0     0   -79     0     0   -75   -22     0
   -11   -54   -97     0     0     0   -38   -78   -66   -77   -88   -17     0   -10     0   -32     0   -96   -61     0   -87   -11     0   -28     0   -26   -62     0   -14   -13   -84   -75     0   -57   -31
   -34   -48   -46   -89   -38   -69     0   -79     0   -29   -79    -1   -86   -56     0    -4   -26   -67     0   -27   -23    -3   -82     0   -71   -50   -46     0   -59   -53   -16   -22   -57     0    -8
     0   -26   -62   -53   -12   -45   -79   -52     0   -95   -71   -76     0   -68   -14   -43   -81   -60   -25   -15     0   -20    -1   -57   -23   -45     0   -99   -66   -17     0     0   -31    -8     0
