QBPP_HJ*_35_050_06_1
35 240 6
50 11 2 39 3 14 11 8 29 23 8 32 2 21 3 15 24 47 25 40 17 5 36 3 27 32 49 2 46 18 7 5 9 48 8
    0  -29    0    0   28   -4   43   -1   37   50  -27    0  -43    0    0    0  -45    0    0    0    0    0   15  -31    0    0    0    0    0  -29  -16  -27   31  -27    3
  -29    0   26    2    0   29   18    9   -2  -34  -42   -6    0    0  -49    0    0   38   28    0   28  -18    8    0  -11    0    0   38    0  -14    7   17  -49    0  -11
    0   26    0  -12    5   -5    0    0   23    0    0  -11    8   24  -43  -25    0    0    0   19  -25    7   35  -49    0   -9    0  -33    0   29    0   -2   42    0    0
    0    2  -12    0   -2    0   24    0    0    0   21    0    0  -36    0  -33  -46   27    0  -17    0    0    0    0   13  -19   11    0  -13   42    0  -30    0   45   38
   28    0    5   -2    0   -3  -46    8    0    0  -30    0    0    0    0    0   32    0   49    0    0    0    0  -50    9    8   15  -46  -38   -2   31    0    0    0    0
   -4   29   -5    0   -3    0    0    0    0    4    0    0   -3   25   -8  -30    0  -42  -47    0  -19    0   21    0  -28  -41    0    0    0   27    0    0    0  -20   37
   43   18    0   24  -46    0    0  -43    0    0    0    0    0    0   16    0  -12   26    0    0    0    6    0   25    3    0    0    0   15    0  -40    0    0  -43    0
   -1    9    0    0    8    0  -43    0    0    4    0    3    0  -15    0    0  -46    0  -34    0    0    0  -35   50    0   42  -41    0    0  -46    0    0   29  -19   -4
   37   -2   23    0    0    0    0    0    0   17    0    0    0  -15    0    0    0    0    0    0    0  -31    0  -12    0    0    0    0  -43    0    0    0    0  -25    0
   50  -34    0    0    0    4    0    4   17    0    0    0  -33    0    0  -42   -7   -7    0    0    0   18   17    0    0   -1    0    0    0    0    0    0  -22  -44  -13
  -27  -42    0   21  -30    0    0    0    0    0    0    0   41   -6    8   21    4  -41   -5   21    0   36   30   27  -11    0    0   32   -5    0  -35    4    0  -41  -13
    0   -6  -11    0    0    0    0    3    0    0    0    0    0  -48    0    0  -28   -8    0    0    0  -25    0    0    0  -19    0   35    0    0   30   50  -27  -25    0
  -43    0    8    0    0   -3    0    0    0  -33   41    0    0   50    0    0   -7   17   27  -26  -29    0    0    0   24   47    0    0    0    0    4   29  -24   19   20
    0    0   24  -36    0   25    0  -15  -15    0   -6  -48   50    0    0   20   30   33    0    0   39   31    0   -9    0    0   28    0   10   35    0    0    0    0    0
    0  -49  -43    0    0   -8   16    0    0    0    8    0    0    0    0   21   37    0   46    0    0    8    0   44    0    0    0  -42    0    0  -28    0    0    0  -13
    0    0  -25  -33    0  -30    0    0    0  -42   21    0    0   20   21    0    0    0    0  -50    0  -36   36    0  -37  -25  -32  -39    0    0    7    0   -2  -49    0
  -45    0    0  -46   32    0  -12  -46    0   -7    4  -28   -7   30   37    0    0    0    0    0  -47  -49    0    0   21  -36    0    0  -21  -27    0  -13   44  -11  -33
    0   38    0   27    0  -42   26    0    0   -7  -41   -8   17   33    0    0    0    0  -48  -38    0   49  -13   45  -43    0   41  -50    0    0    0   -1   -6    0  -14
    0   28    0    0   49  -47    0  -34    0    0   -5    0   27    0   46    0    0  -48    0    0    7    0    0   40   19    0   -9   34  -30  -47   -1   28   -1  -39   -8
    0    0   19  -17    0    0    0    0    0    0   21    0  -26    0    0  -50    0  -38    0    0    6    0    0  -33  -39  -49    0    0    0   31  -42    0    0   41   45
    0   28  -25    0    0  -19    0    0    0    0    0    0  -29   39    0    0  -47    0    7    6    0  -11    0  -27  -33   -5  -41   15    0  -45    0  -20    0  -37  -48
    0  -18    7    0    0    0    6    0  -31   18   36  -25    0   31    8  -36  -49   49    0    0  -11    0    2    0    0    0  -11    0    0  -15   -3    0    2  -32    0
   15    8   35    0    0   21    0  -35    0   17   30    0    0    0    0   36    0  -13    0    0    0    2    0   47   31    0    0   25    0   26    0    0  -18   21   10
  -31    0  -49    0  -50    0   25   50  -12    0   27    0    0   -9   44    0    0   45   40  -33  -27    0   47    0    2    0    0  -45  -11  -22    0    0   34    9    0
    0  -11    0   13    9  -28    3    0    0    0  -11    0   24    0    0  -37   21  -43   19  -39  -33    0   31    2    0    0   47  -15    0  -28   41   45    0   -3    0
    0    0   -9  -19    8  -41    0   42    0   -1    0  -19   47    0    0  -25  -36    0    0  -49   -5    0    0    0    0    0   24  -13  -29    0   39    0  -40    0    0
    0    0    0   11   15    0    0  -41    0    0    0    0    0   28    0  -32    0   41   -9    0  -41  -11    0    0   47   24    0  -42    0  -19    0    0    0    0    0
    0   38  -33    0  -46    0    0    0    0    0   32   35    0    0  -42  -39    0  -50   34    0   15    0   25  -45  -15  -13  -42    0    0  -12    0   41   34    4   11
    0    0    0  -13  -38    0   15    0  -43    0   -5    0    0   10    0    0  -21    0  -30    0    0    0    0  -11    0  -29    0    0    0    0   30    0  -32   35   32
  -29  -14   29   42   -2   27    0  -46    0    0    0    0    0   35    0    0  -27    0  -47   31  -45  -15   26  -22  -28    0  -19  -12    0    0   22   -9  -24   49   30
  -16    7    0    0   31    0  -40    0    0    0  -35   30    4    0  -28    7    0    0   -1  -42    0   -3    0    0   41   39    0    0   30   22    0    0  -20    0   30
  -27   17   -2  -30    0    0    0    0    0    0    4   50   29    0    0    0  -13   -1   28    0  -20    0    0    0   45    0    0   41    0   -9    0    0  -23    0  -28
   31  -49   42    0    0    0    0   29    0  -22    0  -27  -24    0    0   -2   44   -6   -1    0    0    2  -18   34    0  -40    0   34  -32  -24  -20  -23    0   31   30
  -27    0    0   45    0  -20  -43  -19  -25  -44  -41  -25   19    0    0  -49  -11    0  -39   41  -37  -32   21    9   -3    0    0    4   35   49    0    0   31    0  -23
    3  -11    0   38    0   37    0   -4    0  -13  -13    0   20    0  -13    0  -33  -14   -8   45  -48    0   10    0    0    0    0   11   32   30   30  -28   30  -23    0
