QBPP_HJ-_30_050_06_5
30 275 121
49 6 45 2 45 41 23 20 31 11 49 12 20 16 26 28 33 49 31 41 41 3 22 40 39 29 7 27 9 28
     0     0     0     0   -38     0   -64     0   -22   -10     0   -30     0   -72     0   -57   -25    -2     0     0     0     0     0   -44   -21   -48   -25   -43     0   -62
     0     0   -69   -87   -32   -76     0     0     0   -29     0   -95   -58   -24     0   -13     0   -83     0   -38   -64   -57   -39    -6     0     0   -98     0   -51   -35
     0   -69     0     0   -67     0   -31     0     0   -84   -62   -38     0     0   -90     0     0     0     0     0     0     0     0   -84     0     0     0     0   -84     0
     0   -87     0     0   -96     0   -56   -93     0     0     0   -47   -14   -93     0   -43     0     0     0   -11    -6   -54    -1   -30     0     0   -51     0   -79   -76
   -38   -32   -67   -96     0     0     0     0   -48     0   -13   -97   -93   -49     0     0   -65     0     0     0   -45   -84     0   -71   -66   -30   -76     0     0   -56
     0   -76     0     0     0     0     0     0     0   -22   -27     0   -40     0     0     0     0   -66     0     0     0   -30     0     0   -29     0   -46     0     0   -15
   -64     0   -31   -56     0     0     0   -83   -83   -56   -95   -11     0     0     0   -78     0   -65     0   -37   -78   -17     0     0   -98     0     0     0     0    -2
     0     0     0   -93     0     0   -83     0   -18   -10   -57    -7     0     0   -84     0     0   -85     0     0   -97   -82     0   -38     0   -71     0   -81     0   -58
   -22     0     0     0   -48     0   -83   -18     0     0   -73     0   -81   -17   -28     0     0    -6    -9   -59     0     0     0     0   -59   -32     0     0     0   -55
   -10   -29   -84     0     0   -22   -56   -10     0     0    -2     0     0     0   -81  -100     0     0     0   -61     0   -18   -18   -91   -43     0   -40   -25   -76   -55
     0     0   -62     0   -13   -27   -95   -57   -73    -2     0     0     0     0   -86     0   -49     0     0     0     0   -91   -53     0   -65     0     0   -48     0   -69
   -30   -95   -38   -47   -97     0   -11    -7     0     0     0     0     0     0   -53     0   -28   -48   -51   -83     0   -58     0     0   -69     0     0   -37   -94    -4
     0   -58     0   -14   -93   -40     0     0   -81     0     0     0     0   -73     0     0     0   -58    -4     0     0     0     0     0    -5   -29   -79     0     0   -58
   -72   -24     0   -93   -49     0     0     0   -17     0     0     0   -73     0   -91     0     0   -24     0     0   -33     0   -69   -75    -2   -68     0     0     0     0
     0     0   -90     0     0     0     0   -84   -28   -81   -86   -53     0   -91     0    -2   -85     0     0   -15    -3   -36   -35   -31     0    -3   -94     0   -39   -49
   -57   -13     0   -43     0     0   -78     0     0  -100     0     0     0     0    -2     0     0   -44     0     0   -41     0     0     0   -77   -15   -10   -11     0   -70
   -25     0     0     0   -65     0     0     0     0     0   -49   -28     0     0   -85     0     0   -67     0     0     0   -49     0     0   -54   -81     0   -48   -79   -38
    -2   -83     0     0     0   -66   -65   -85    -6     0     0   -48   -58   -24     0   -44   -67     0   -48   -91     0   -51     0     0   -98     0   -84     0     0     0
     0     0     0     0     0     0     0     0    -9     0     0   -51    -4     0     0     0     0   -48     0   -64     0     0     0   -75     0   -74     0   -67   -81    -6
     0   -38     0   -11     0     0   -37     0   -59   -61     0   -83     0     0   -15     0     0   -91   -64     0   -79     0   -70   -60     0     0     0    -1     0   -98
     0   -64     0    -6   -45     0   -78   -97     0     0     0     0     0   -33    -3   -41     0     0     0   -79     0   -19     0     0     0   -10   -34     0   -55    -3
     0   -57     0   -54   -84   -30   -17   -82     0   -18   -91   -58     0     0   -36     0   -49   -51     0     0   -19     0   -79     0   -20     0     0     0   -11   -24
     0   -39     0    -1     0     0     0     0     0   -18   -53     0     0   -69   -35     0     0     0     0   -70     0   -79     0   -21     0     0     0   -21   -43   -62
   -44    -6   -84   -30   -71     0     0   -38     0   -91     0     0     0   -75   -31     0     0     0   -75   -60     0     0   -21     0     0   -23     0     0     0   -95
   -21     0     0     0   -66   -29   -98     0   -59   -43   -65   -69    -5    -2     0   -77   -54   -98     0     0     0   -20     0     0     0     0     0     0   -20   -85
   -48     0     0     0   -30     0     0   -71   -32     0     0     0   -29   -68    -3   -15   -81     0   -74     0   -10     0     0   -23     0     0     0   -89   -97   -41
   -25   -98     0   -51   -76   -46     0     0     0   -40     0     0   -79     0   -94   -10     0   -84     0     0   -34     0     0     0     0     0     0    -8     0   -90
   -43     0     0     0     0     0     0   -81     0   -25   -48   -37     0     0     0   -11   -48     0   -67    -1     0     0   -21     0     0   -89    -8     0     0     0
     0   -51   -84   -79     0     0     0     0     0   -76     0   -94     0     0   -39     0   -79     0   -81     0   -55   -11   -43     0   -20   -97     0     0     0    -8
   -62   -35     0   -76   -56   -15    -2   -58   -55   -55   -69    -4   -58     0   -49   -70   -38     0    -6   -98    -3   -24   -62   -95   -85   -41   -90     0    -8     0
