QBPP_HJ*_30_050_20_5
30 86 159
40 16 32 35 12 29 23 28 43 37 27 45 25 26 17 39 42 10 6 32 24 49 28 20 41 46 25 9 24 27
    0   22    7    8  -31    0    0    0    0    0  -28    0    0    0  -21    4   46   19   33    0   20    0    0   -2    0    0    0    0    0  -37
   22    0  -46    0  -48  -13    0  -47    0   37    0    0   40   22  -27  -43    0   46    0    0  -47    0   38    0  -17   34    0    0    0   -1
    7  -46    0    0   38  -36    0  -31    0  -41    0   26    0    0  -42   33  -46   45  -16   39  -37    0    2   14    1    0    0   15   49   10
    8    0    0    0   36   17  -16    0  -42  -22    0    3    0    0  -34    0  -21    2    5  -50   12    0    0    0    0    0   10  -10    0  -44
  -31  -48   38   36    0    0    0    0    0   40   26    6   16    0   21    0   39    0    0    0    0   14    0    0    0   -3    0    0    0    0
    0  -13  -36   17    0    0   13    1  -46   12   17    0    0    0   37    0    0    5    0   -7   14  -11    0    0  -50  -38   15    7  -13    0
    0    0    0  -16    0   13    0    0    0    0  -18   13    0    0   11   11   14  -14    0    0    0    6  -37  -19  -29    0    0    0    0    0
    0  -47  -31    0    0    1    0    0    0    0   -8   26    0  -12    0  -12    0   -8   13  -42  -38    0    0   -3  -49    0    0    0   45    0
    0    0    0  -42    0  -46    0    0    0    1   -5    0    0   -6    0   46    0  -27  -22   -9    5    0    0  -17   -3    0    1   44   12    0
    0   37  -41  -22   40   12    0    0    1    0    0   -3    0   15  -42    0    0   47    0   14   39    0  -13  -50  -43    0  -17   47  -50    0
  -28    0    0    0   26   17  -18   -8   -5    0    0    0    1    0  -24    0  -43  -39   17   12    0    0    0  -37   32    0    0    0   40  -20
    0    0   26    3    6    0   13   26    0   -3    0    0    0    0    0   44    0  -18    0    0    0   45  -17    0    0    0    0   26   39  -24
    0   40    0    0   16    0    0    0    0    0    1    0    0    0    0    0    0    0  -46   44    0    0    5  -28   30    0    0    0    0    0
    0   22    0    0    0    0    0  -12   -6   15    0    0    0    0    0  -37   18   50    0    0    0  -10    0  -33  -18    0    0    0    0  -42
  -21  -27  -42  -34   21   37   11    0    0  -42  -24    0    0    0    0  -26    0    0   49    0    0   42    0    0  -43    0    0   -8    0  -17
    4  -43   33    0    0    0   11  -12   46    0    0   44    0  -37  -26    0    0   47    0    0  -38    0    0  -42    0  -23    0  -22   -4    0
   46    0  -46  -21   39    0   14    0    0    0  -43    0    0   18    0    0    0   14    0   39  -46    4    4   19  -41   24    0    0  -39   -2
   19   46   45    2    0    5  -14   -8  -27   47  -39  -18    0   50    0   47   14    0   26    0  -14    0   25    0   -7   39   16    0    0    0
   33    0  -16    5    0    0    0   13  -22    0   17    0  -46    0   49    0    0   26    0   -1    0  -20    0    9    0    0    0  -10  -15    0
    0    0   39  -50    0   -7    0  -42   -9   14   12    0   44    0    0    0   39    0   -1    0   30  -46    0   -7    0    0    0    0  -28  -21
   20  -47  -37   12    0   14    0  -38    5   39    0    0    0    0    0  -38  -46  -14    0   30    0   38  -25    0    0    0    4   20    0    0
    0    0    0    0   14  -11    6    0    0    0    0   45    0  -10   42    0    4    0  -20  -46   38    0    0    0    0   19  -24   33    0    0
    0   38    2    0    0    0  -37    0    0  -13    0  -17    5    0    0    0    4   25    0    0  -25    0    0   40   -3   38  -47    0    0   48
   -2    0   14    0    0    0  -19   -3  -17  -50  -37    0  -28  -33    0  -42   19    0    9   -7    0    0   40    0  -43  -45  -50   43  -18  -14
    0  -17    1    0    0  -50  -29  -49   -3  -43   32    0   30  -18  -43    0  -41   -7    0    0    0    0   -3  -43    0    0    0    1    0    0
    0   34    0    0   -3  -38    0    0    0    0    0    0    0    0    0  -23   24   39    0    0    0   19   38  -45    0    0    0  -28    0   16
    0    0    0   10    0   15    0    0    1  -17    0    0    0    0    0    0    0   16    0    0    4  -24  -47  -50    0    0    0    0  -37    0
    0    0   15  -10    0    7    0    0   44   47    0   26    0    0   -8  -22    0    0  -10    0   20   33    0   43    1  -28    0    0    0  -41
    0    0   49    0    0  -13    0   45   12  -50   40   39    0    0    0   -4  -39    0  -15  -28    0    0    0  -18    0    0  -37    0    0    0
  -37   -1   10  -44    0    0    0    0    0    0  -20  -24    0  -42  -17    0   -2    0    0  -21    0    0   48  -14    0   16    0  -41    0    0
