QBPP_HJ*_40_050_06_2
40 329 1
11 43 35 32 29 6 10 38 32 50 28 11 2 13 10 27 50 35 31 42 38 48 17 11 40 45 9 9 22 40 11 48 10 3 3 20 25 26 19 6
    0    0   47    0   42    0    0   -5    0    0    4    0  -46   -9   28   25  -19  -25    0    0    0  -39    0  -31    0    0    0   45  -11   11    0  -18    0   -4    0    0   -1  -16   47    0
    0    0    0    0   35  -12    0    0  -42    0    0  -48    0   39  -31    0    0  -10  -31    0    0   28    0    0    0    0    0    0    0    0    0   14    0    5    0  -46   10    0    0  -35
   47    0    0   44   23  -47    0    0  -43    0  -44    0  -12   32    0  -31    0    0    0   40   19    0  -47   47    0    0   -7    0   29    5  -13    0   23    0    3   49    0    0    0    0
    0    0   44    0    5    0  -44  -44    0    0    0  -21    0    0    0    0    0    0   23   15    0  -26    0   35    0    6  -19  -42    0   26    0    0    0    0   -8   23  -42   15   -7    0
   42   35   23    5    0    0    0    0    0    0    0    0  -39   -6    0    0    0  -27    1    0    3    0    0  -33    0    0  -38    0    0   -3    0    0   26   39   23    0   42  -40   33  -28
    0  -12  -47    0    0    0   42  -23    0    5   50   -3    1    0  -46    0   35  -33   -3    0  -28    0    0  -20    0    0  -43  -29    0   -3    0    0   31   32    3  -41  -28    0   35    0
    0    0    0  -44    0   42    0    0  -42  -47    0    0    0    0  -39   18   30  -23    0    0    0    0    0  -24    0  -12   14  -46    0   26   -8   18  -47    0    0   45    0  -19  -45    0
   -5    0    0  -44    0  -23    0    0    0  -20  -10   48    0    0    0  -11    0    0    0    0   17    0    0    0    0    0    0   13    0  -47   -6    0    0   23  -13    0  -28   27  -26    0
    0  -42  -43    0    0    0  -42    0    0    0    0    0   42   43  -35    0    0    0   19  -14    0    0   34    0  -24    0   33   21    0  -31    2   47   33    0    0   12   -7  -28   14   -3
    0    0    0    0    0    5  -47  -20    0    0  -11  -48   49   -6   17  -42    5   21    0  -49    0    0    0    0   39  -34    0  -50    0    0    0    0   -3  -22  -37  -12    0  -44  -10    0
    4    0  -44    0    0   50    0  -10    0  -11    0   23   14  -37    0    0   -2   14    0   50  -37    0   -4  -39    0    0  -33    5  -10    0    0    0    0    0    1    0  -24   43  -36    2
    0  -48    0  -21    0   -3    0   48    0  -48   23    0    0  -18   -6    0  -40    0    0    0   50    0   22    0  -50    0    0  -18    0   16    0    0    0    0    0   15    0  -41  -37    0
  -46    0  -12    0  -39    1    0    0   42   49   14    0    0    0    0    0   17   23    0    0    0    0   -6    0    0    0  -18    0    6    0  -40    0    0    0   48   28    0  -28    0   23
   -9   39   32    0   -6    0    0    0   43   -6  -37  -18    0    0    0   41    0   28    0   37    0    0   27    0   23   -4   11    0    0    0   16   34    0    0    0   49   24  -21    1  -39
   28  -31    0    0    0  -46  -39    0  -35   17    0   -6    0    0    0  -49    0    0   13    8    0   26    0  -43  -35    0   10   27    0    0   24  -42   -8    0  -13  -20   14    0   12   19
   25    0  -31    0    0    0   18  -11    0  -42    0    0    0   41  -49    0    0    0    0    0   12  -24   47   -9   43  -14  -37   -2    0    0    0    0   -1  -38   28   40    0    0  -31    0
  -19    0    0    0    0   35   30    0    0    5   -2  -40   17    0    0    0    0   40   15    0   15  -32   42   36    0   16   42   40    0   41   19   -5    0   28   18    0   26    0    0   26
  -25  -10    0    0  -27  -33  -23    0    0   21   14    0   23   28    0    0   40    0  -29    0    0    0   15   28    0    0    0    0    0  -12    0    0    0    0    0    0    0    0    0  -10
    0  -31    0   23    1   -3    0    0   19    0    0    0    0    0   13    0   15  -29    0    9   28   26   39  -50    0  -15    4    0    0    0   22   34    0    0   38    0    0  -41    7   49
    0    0   40   15    0    0    0    0  -14  -49   50    0    0   37    8    0    0    0    9    0    0    0    0    0    0   43  -23  -32   26    0    0   -1    0    0    0    0    0    0   15   11
    0    0   19    0    3  -28    0   17    0    0  -37   50    0    0    0   12   15    0   28    0    0  -19    0    0   40  -25    0    0    0   18   47    0    0    0   32   39   48    0    0    0
  -39   28    0  -26    0    0    0    0    0    0    0    0    0    0   26  -24  -32    0   26    0  -19    0    0    0    0   14   19    0    0    0    0    0    0    0    0    0    0    0   -8   24
    0    0  -47    0    0    0    0    0   34    0   -4   22   -6   27    0   47   42   15   39    0    0    0    0   15    7    0    0    0  -21   50    0  -28   48  -28    0    0    0   -1    0  -37
  -31    0   47   35  -33  -20  -24    0    0    0  -39    0    0    0  -43   -9   36   28  -50    0    0    0   15    0    0   24    0    0   -2   29    0    0    0    4    0    0    6   44   45   -7
    0    0    0    0    0    0    0    0  -24   39    0  -50    0   23  -35   43    0    0    0    0   40    0    7    0    0    0  -41    0    0    0    0  -22    0    0    0  -14    0   -1    0    6
    0    0    0    6    0    0  -12    0    0  -34    0    0    0   -4    0  -14   16    0  -15   43  -25   14    0   24    0    0   -9    0    0    0    0  -36    0    0    0    0    0    0    0   15
    0    0   -7  -19  -38  -43   14    0   33    0  -33    0  -18   11   10  -37   42    0    4  -23    0   19    0    0  -41   -9    0    0   -4  -30   50    0  -46   -9   22    3    0   23   -1  -10
   45    0    0  -42    0  -29  -46   13   21  -50    5  -18    0    0   27   -2   40    0    0  -32    0    0    0    0    0    0    0    0   11   30  -46  -32    0  -49    0  -16    0  -12   44  -45
  -11    0   29    0    0    0    0    0    0    0  -10    0    6    0    0    0    0    0    0   26    0    0  -21   -2    0    0   -4   11    0    0    0    0    0    0  -38    0  -33   -4    0    0
   11    0    5   26   -3   -3   26  -47  -31    0    0   16    0    0    0    0   41  -12    0    0   18    0   50   29    0    0  -30   30    0    0  -40  -36  -22  -48  -15  -22    0  -34  -15   20
    0    0  -13    0    0    0   -8   -6    2    0    0    0  -40   16   24    0   19    0   22    0   47    0    0    0    0    0   50  -46    0  -40    0    0    0    0  -46    0    0    0   31    0
  -18   14    0    0    0    0   18    0   47    0    0    0    0   34  -42    0   -5    0   34   -1    0    0  -28    0  -22  -36    0  -32    0  -36    0    0    0   -6   -2    0   44   11    0    0
    0    0   23    0   26   31  -47    0   33   -3    0    0    0    0   -8   -1    0    0    0    0    0    0   48    0    0    0  -46    0    0  -22    0    0    0    0    0  -27    0   42  -34    0
   -4    5    0    0   39   32    0   23    0  -22    0    0    0    0    0  -38   28    0    0    0    0    0  -28    4    0    0   -9  -49    0  -48    0   -6    0    0   18    0  -16    0    0  -17
    0    0    3   -8   23    3    0  -13    0  -37    1    0   48    0  -13   28   18    0   38    0   32    0    0    0    0    0   22    0  -38  -15  -46   -2    0   18    0    0   42   35   21    0
    0  -46   49   23    0  -41   45    0   12  -12    0   15   28   49  -20   40    0    0    0    0   39    0    0    0  -14    0    3  -16    0  -22    0    0  -27    0    0    0    0    0    0   -5
   -1   10    0  -42   42  -28    0  -28   -7    0  -24    0    0   24   14    0   26    0    0    0   48    0    0    6    0    0    0    0  -33    0    0   44    0  -16   42    0    0    0   38  -13
  -16    0    0   15  -40    0  -19   27  -28  -44   43  -41  -28  -21    0    0    0    0  -41    0    0    0   -1   44   -1    0   23  -12   -4  -34    0   11   42    0   35    0    0    0   18  -48
   47    0    0   -7   33   35  -45  -26   14  -10  -36  -37    0    1   12  -31    0    0    7   15    0   -8    0   45    0    0   -1   44    0  -15   31    0  -34    0   21    0   38   18    0   17
    0  -35    0    0  -28    0    0    0   -3    0    2    0   23  -39   19    0   26  -10   49   11    0   24  -37   -7    6   15  -10  -45    0   20    0    0    0  -17    0   -5  -13  -48   17    0
