QBPP_HJ-_40_050_06_2
40 286 127
26 3 6 41 11 19 5 11 12 13 19 13 33 42 36 19 2 32 21 35 46 26 6 4 5 10 17 19 36 24 47 4 23 34 12 13 45 45 16 26
     0     0   -32   -79   -94   -79   -85   -41   -34     0   -77     0     0   -71     0   -44   -50   -18   -34     0    -1   -41     0   -10     0     0   -93   -94    -8     0   -40   -53     0     0   -14     0     0   -86   -41   -69
     0     0     0     0   -78   -82     0   -82   -42   -61   -81     0   -13     0     0   -10     0     0    -8     0   -17     0     0     0     0     0   -75     0   -90     0   -10     0   -77     0     0   -46   -35    -7   -99   -48
   -32     0     0     0     0   -93   -72     0     0     0     0     0     0   -99     0     0   -56   -75     0   -81     0     0     0     0   -33     0     0     0   -16   -42    -6     0     0     0     0     0    -4   -13     0     0
   -79     0     0     0   -81   -48   -67     0   -52     0   -13     0     0   -14   -82   -20   -80     0   -60     0     0   -85     0   -49     0   -98     0   -69     0     0     0     0   -79     0   -38     0   -58     0   -51    -5
   -94   -78     0   -81     0  -100   -60     0   -81   -72   -35     0   -62   -53     0   -60     0     0     0   -99    -8   -42    -1   -97     0   -88   -85   -64     0     0     0     0   -67   -50     0     0     0     0   -96     0
   -79   -82   -93   -48  -100     0   -14   -69     0     0   -43     0     0   -69   -40     0     0     0     0     0     0   -98     0     0   -58     0     0     0     0   -34     0     0     0   -14     0     0   -78   -71     0   -35
   -85     0   -72   -67   -60   -14     0   -35     0   -67   -21     0     0   -37     0   -22   -73   -60   -51   -95    -9     0     0   -45     0   -50   -89   -96     0     0    -7   -81    -4   -65     0   -27     0     0     0   -12
   -41   -82     0     0     0   -69   -35     0     0   -89   -71   -67   -90     0     0   -47     0     0     0   -41   -11   -89     0   -14     0     0   -78   -57     0     0     0   -99     0   -99     0     0   -13     0   -56   -81
   -34   -42     0   -52   -81     0     0     0     0   -46   -50   -26   -52   -90     0   -90   -19     0     0     0    -7     0   -86     0     0    -4   -40     0     0     0     0     0   -56     0     0   -14     0   -21     0     0
     0   -61     0     0   -72     0   -67   -89   -46     0     0   -30   -23     0   -49   -58     0   -79     0   -35   -23     0   -90   -42     0   -17     0   -60     0   -94     0     0   -54   -45     0    -1   -38     0     0     0
   -77   -81     0   -13   -35   -43   -21   -71   -50     0     0   -92     0   -63     0   -33     0     0   -95     0     0    -9     0   -24     0     0   -95     0     0     0   -17     0   -60    -6   -26     0   -62   -82   -35     0
     0     0     0     0     0     0     0   -67   -26   -30   -92     0     0     0   -65   -95   -41     0     0     0     0   -79     0     0     0     0     0     0   -93   -96    -7     0   -65     0     0   -61     0     0   -39     0
     0   -13     0     0   -62     0     0   -90   -52   -23     0     0     0     0     0     0     0   -61   -65    -2     0   -92   -61     0   -27   -38     0     0     0     0   -87   -74   -91   -83   -10     0   -78   -98   -75   -29
   -71     0   -99   -14   -53   -69   -37     0   -90     0   -63     0     0     0     0     0   -68    -9    -8     0   -68   -54   -97   -58   -35   -50     0     0   -75   -62   -16     0     0   -76     0     0   -42     0   -21   -68
     0     0     0   -82     0   -40     0     0     0   -49     0   -65     0     0     0     0   -49    -6     0     0   -96   -30   -52   -12     0     0   -33     0   -83     0     0   -51     0     0     0     0   -30   -94   -95     0
   -44   -10     0   -20   -60     0   -22   -47   -90   -58   -33   -95     0     0     0     0   -67   -95     0     0     0   -37   -13   -27     0   -99     0    -7     0     0   -63   -83     0   -52    -4   -28   -19   -41   -38   -14
   -50     0   -56   -80     0     0   -73     0   -19     0     0   -41     0   -68   -49   -67     0   -66     0     0     0     0     0    -8     0     0   -11     0     0     0   -16     0   -28   -11  -100     0   -41     0     0     0
   -18     0   -75     0     0     0   -60     0     0   -79     0     0   -61    -9    -6   -95   -66     0     0    -9     0   -18     0     0   -47     0     0     0     0   -48   -95   -68   -53   -62   -61     0     0   -44   -51    -3
   -34    -8     0   -60     0     0   -51     0     0     0   -95     0   -65    -8     0     0     0     0     0   -67   -88   -44     0     0     0   -54     0     0     0   -16     0   -81   -34     0   -55     0     0     0     0   -14
     0     0   -81     0   -99     0   -95   -41     0   -35     0     0    -2     0     0     0     0    -9   -67     0   -21     0    -2     0     0     0     0   -34     0     0     0     0   -90     0   -86     0   -71   -51     0     0
    -1   -17     0     0    -8     0    -9   -11    -7   -23     0     0     0   -68   -96     0     0     0   -88   -21     0     0     0   -51   -26   -35   -73     0     0     0   -89   -77     0     0     0     0     0     0   -58     0
   -41     0     0   -85   -42   -98     0   -89     0     0    -9   -79   -92   -54   -30   -37     0   -18   -44     0     0     0     0     0   -14     0     0     0   -59   -10   -23   -77   -47     0   -31     0     0     0   -74   -67
     0     0     0     0    -1     0     0     0   -86   -90     0     0   -61   -97   -52   -13     0     0     0    -2     0     0     0    -3   -92     0   -81    -3     0   -53     0   -39     0   -91     0     0     0   -40   -55     0
   -10     0     0   -49   -97     0   -45   -14     0   -42   -24     0     0   -58   -12   -27    -8     0     0     0   -51     0    -3     0   -38   -28   -42     0     0     0   -10   -53     0   -78    -3   -78     0   -40   -59     0
     0     0   -33     0     0   -58     0     0     0     0     0     0   -27   -35     0     0     0   -47     0     0   -26   -14   -92   -38     0   -67   -58   -50     0    -6   -68     0   -72   -77     0   -52   -35     0     0   -34
     0     0     0   -98   -88     0   -50     0    -4   -17     0     0   -38   -50     0   -99     0     0   -54     0   -35     0     0   -28   -67     0   -73   -30   -57     0   -73     0     0     0     0     0   -60     0   -52     0
   -93   -75     0     0   -85     0   -89   -78   -40     0   -95     0     0     0   -33     0   -11     0     0     0   -73     0   -81   -42   -58   -73     0   -65   -51   -24   -52   -95     0     0   -52   -18     0     0   -68   -66
   -94     0     0   -69   -64     0   -96   -57     0   -60     0     0     0     0     0    -7     0     0     0   -34     0     0    -3     0   -50   -30   -65     0     0   -46   -73   -22     0    -9   -56     0   -66   -94     0     0
    -8   -90   -16     0     0     0     0     0     0     0     0   -93     0   -75   -83     0     0     0     0     0     0   -59     0     0     0   -57   -51     0     0     0   -10     0   -44     0     0     0     0     0   -31   -74
     0     0   -42     0     0   -34     0     0     0   -94     0   -96     0   -62     0     0     0   -48   -16     0     0   -10   -53     0    -6     0   -24   -46     0     0   -47     0     0   -58     0   -86   -45     0   -86     0
   -40   -10    -6     0     0     0    -7     0     0     0   -17    -7   -87   -16     0   -63   -16   -95     0     0   -89   -23     0   -10   -68   -73   -52   -73   -10   -47     0   -22   -91   -70     0   -92     0     0   -31   -77
   -53     0     0     0     0     0   -81   -99     0     0     0     0   -74     0   -51   -83     0   -68   -81     0   -77   -77   -39   -53     0     0   -95   -22     0     0   -22     0     0     0   -10   -14     0     0   -55     0
     0   -77     0   -79   -67     0    -4     0   -56   -54   -60   -65   -91     0     0     0   -28   -53   -34   -90     0   -47     0     0   -72     0     0     0   -44     0   -91     0     0     0   -45    -8   -76     0     0     0
     0     0     0     0   -50   -14   -65   -99     0   -45    -6     0   -83   -76     0   -52   -11   -62     0     0     0     0   -91   -78   -77     0     0    -9     0   -58   -70     0     0     0   -42    -1     0   -50     0     0
   -14     0     0   -38     0     0     0     0     0     0   -26     0   -10     0     0    -4  -100   -61   -55   -86     0   -31     0    -3     0     0   -52   -56     0     0     0   -10   -45   -42     0     0   -69   -55   -23   -70
     0   -46     0     0     0     0   -27     0   -14    -1     0   -61     0     0     0   -28     0     0     0     0     0     0     0   -78   -52     0   -18     0     0   -86   -92   -14    -8    -1     0     0   -17   -89   -24     0
     0   -35    -4   -58     0   -78     0   -13     0   -38   -62     0   -78   -42   -30   -19   -41     0     0   -71     0     0     0     0   -35   -60     0   -66     0   -45     0     0   -76     0   -69   -17     0   -12     0     0
   -86    -7   -13     0     0   -71     0     0   -21     0   -82     0   -98     0   -94   -41     0   -44     0   -51     0     0   -40   -40     0     0     0   -94     0     0     0     0     0   -50   -55   -89   -12     0   -66     0
   -41   -99     0   -51   -96     0     0   -56     0     0   -35   -39   -75   -21   -95   -38     0   -51     0     0   -58   -74   -55   -59     0   -52   -68     0   -31   -86   -31   -55     0     0   -23   -24     0   -66     0    -8
   -69   -48     0    -5     0   -35   -12   -81     0     0     0     0   -29   -68     0   -14     0    -3   -14     0     0   -67     0     0   -34     0   -66     0   -74     0   -77     0     0     0   -70     0     0     0    -8     0
