QBPP_HJ+_25_050_06_5
25 213 104
49 6 37 31 38 41 12 16 13 27 50 4 11 41 32 8 19 43 40 2 3 42 12 46 15
    0   55    0   60    0    0    0   89   27    0    0   15    2   33    0    0    0   38   40   61    0    0    0    0   37
   55    0   87    0    0    0   30    0    0   57   50   47    0   86    0   39   66   65    6    0   44    4    0    0    0
    0   87    0    0    0    0   27   53   75   81    0    0    1    0    0    0    0   80    0   68    0    0   83    0   91
   60    0    0    0    0   82   26   44    0    0    7    0   62    0    0    0   11   36   51    0    0   22   94   35   25
    0    0    0    0    0    0    0    0    0    3   59    0    0    0    0   14    0   50   73    0    0   20    0   96   56
    0    0    0   82    0    0   26   50    0   94    0    0    0    3    0  100    0   33    0   33   28    0    0   22    0
    0   30   27   26    0   26    0    0    0   47   11   28   89    0    0    0   88   43    0    0    2    0    0   23    0
   89    0   53   44    0   50    0    0    0    0    0   66    0    0   13    0    0   37    0   58    0    0    0   69   12
   27    0   75    0    0    0    0    0    0   71    0   60   93   25    0    0   40    0    0    0    0    0    0    0    0
    0   57   81    0    3   94   47    0   71    0    0    0    0   95    0    0   62    0    0   51    0    0    0  100   34
    0   50    0    7   59    0   11    0    0    0    0   25    0   30    0   17    0   80    0    6    0   43   46   95    0
   15   47    0    0    0    0   28   66   60    0   25    0   26    0    0    0   38   55   79    0   60    0    0   19    4
    2    0    1   62    0    0   89    0   93    0    0   26    0   86    4    7    0    0    0    0    0    5    0   12   32
   33   86    0    0    0    3    0    0   25   95   30    0   86    0    0   76   73   92    0    0    0   58   30    0    0
    0    0    0    0    0    0    0   13    0    0    0    0    4    0    0   35   59    0    0    0    0    0    0    0   90
    0   39    0    0   14  100    0    0    0    0   17    0    7   76   35    0   52    0   28   41   88   81   83   83   41
    0   66    0   11    0    0   88    0   40   62    0   38    0   73   59   52    0   31    2   77    0    0   21    0    0
   38   65   80   36   50   33   43   37    0    0   80   55    0   92    0    0   31    0    0    0    0    0   90   54   93
   40    6    0   51   73    0    0    0    0    0    0   79    0    0    0   28    2    0    0   44   29    0   11   66    0
   61    0   68    0    0   33    0   58    0   51    6    0    0    0    0   41   77    0   44    0    0    0    0   96    6
    0   44    0    0    0   28    2    0    0    0    0   60    0    0    0   88    0    0   29    0    0    0    0    0    0
    0    4    0   22   20    0    0    0    0    0   43    0    5   58    0   81    0    0    0    0    0    0   45   81    0
    0    0   83   94    0    0    0    0    0    0   46    0    0   30    0   83   21   90   11    0    0   45    0   37    0
    0    0    0   35   96   22   23   69    0  100   95   19   12    0    0   83    0   54   66   96    0   81   37    0  100
   37    0   91   25   56    0    0   12    0   34    0    4   32    0   90   41    0   93    0    6    0    0    0  100    0
