QBPP_HJ-_35_050_10_5
35 168 524
9 35 25 49 50 45 48 7 50 10 25 45 17 31 7 39 3 23 42 3 1 38 9 1 5 34 43 34 6 10 20 21 25 3 26
     0     0    -2     0   -58     0   -51     0     0     0   -28   -71   -90     0   -19   -45     0   -10     0     0     0   -54     0     0     0   -86     0     0     0     0     0   -26   -84   -35    -1
     0     0     0   -48   -43   -93   -71   -44     0    -5   -70     0     0   -56     0     0   -36     0     0     0   -44     0     0     0     0     0   -85     0     0   -21   -58   -43     0   -40   -51
    -2     0     0     0   -49     0   -89     0     0     0   -53     0     0     0    -4     0     0   -51   -78     0   -72     0   -58     0     0   -45   -69     0     0     0     0     0     0     0   -37
     0   -48     0     0   -65     0     0     0     0     0     0     0     0     0    -8     0     0   -14     0     0     0   -38     0     0   -74    -2     0     0   -42     0     0   -63   -56   -50     0
   -58   -43   -49   -65     0     0    -1   -68   -13     0     0   -32     0   -17   -90   -40     0     0   -68     0   -62     0   -47     0    -4     0   -95     0   -11   -65   -92   -95   -95   -96   -40
     0   -93     0     0     0     0   -32     0   -55   -13     0     0    -7   -17   -67   -97     0   -73     0   -63     0     0     0     0   -47   -62     0     0   -74   -13     0     0     0     0   -19
   -51   -71   -89     0    -1   -32     0     0     0   -41     0     0     0   -70     0   -72   -98     0     0     0    -6   -67   -43     0     0     0     0   -84   -35   -30     0   -19     0   -59   -10
     0   -44     0     0   -68     0     0     0   -53   -47   -37     0     0   -56   -98     0   -93   -95     0     0     0   -91     0   -67   -26   -48     0     0     0     0     0   -15     0     0     0
     0     0     0     0   -13   -55     0   -53     0     0     0    -9   -27     0   -77   -82     0     0   -42     0     0     0    -7     0   -24     0     0   -61   -80     0     0     0     0   -67     0
     0    -5     0     0     0   -13   -41   -47     0     0     0     0   -30   -61     0   -87   -60   -55   -44   -20     0     0   -88     0   -73   -57     0     0     0     0     0     0     0     0     0
   -28   -70   -53     0     0     0     0   -37     0     0     0     0   -50   -87     0   -67     0     0     0   -91     0   -51     0     0     0     0   -73     0     0   -50     0   -18     0   -25   -65
   -71     0     0     0   -32     0     0     0    -9     0     0     0   -58     0    -9     0     0     0   -82     0     0    -3   -19   -12     0     0     0     0     0     0    -3   -93   -54     0   -31
   -90     0     0     0     0    -7     0     0   -27   -30   -50   -58     0     0     0   -21     0   -88   -69   -24   -23   -84   -16     0   -97     0   -67     0     0   -76    -5   -45     0     0   -39
     0   -56     0     0   -17   -17   -70   -56     0   -61   -87     0     0     0     0     0   -76     0    -8   -96     0   -27   -50     0   -36     0    -6  -100   -28     0     0     0     0     0     0
   -19     0    -4    -8   -90   -67     0   -98   -77     0     0    -9     0     0     0   -28     0     0  -100   -17   -32     0   -58   -29   -69    -8     0    -7    -3   -81   -61     0     0   -47     0
   -45     0     0     0   -40   -97   -72     0   -82   -87   -67     0   -21     0   -28     0     0   -76   -48     0   -38   -25   -90   -35     0     0   -53     0   -35   -75   -72   -61   -94   -88     0
     0   -36     0     0     0     0   -98   -93     0   -60     0     0     0   -76     0     0     0   -91   -83     0   -40   -46     0   -38   -79   -46   -23   -38   -29     0   -15     0     0   -58     0
   -10     0   -51   -14     0   -73     0   -95     0   -55     0     0   -88     0     0   -76   -91     0   -78     0   -54   -92     0     0     0     0   -46     0   -75     0   -65    -2   -19     0     0
     0     0   -78     0   -68     0     0     0   -42   -44     0   -82   -69    -8  -100   -48   -83   -78     0    -5   -88   -82     0     0     0   -18     0   -50   -39     0     0   -69   -71     0     0
     0     0     0     0     0   -63     0     0     0   -20   -91     0   -24   -96   -17     0     0     0    -5     0     0   -48   -44   -15   -51    -6   -44     0     0     0     0   -73     0   -45     0
     0   -44   -72     0   -62     0    -6     0     0     0     0     0   -23     0   -32   -38   -40   -54   -88     0     0     0     0   -72   -91   -83     0   -84   -83   -29     0     0    -7   -65   -40
   -54     0     0   -38     0     0   -67   -91     0     0   -51    -3   -84   -27     0   -25   -46   -92   -82   -48     0     0     0   -52   -14    -4     0     0    -5   -13     0     0     0     0     0
     0     0   -58     0   -47     0   -43     0    -7   -88     0   -19   -16   -50   -58   -90     0     0     0   -44     0     0     0   -51   -92     0     0     0   -70   -14   -64     0     0   -55   -62
     0     0     0     0     0     0     0   -67     0     0     0   -12     0     0   -29   -35   -38     0     0   -15   -72   -52   -51     0   -45     0   -86     0     0     0     0   -53     0   -57     0
     0     0     0   -74    -4   -47     0   -26   -24   -73     0     0   -97   -36   -69     0   -79     0     0   -51   -91   -14   -92   -45     0     0   -68     0     0   -29    -1   -22     0   -97   -20
   -86     0   -45    -2     0   -62     0   -48     0   -57     0     0     0     0    -8     0   -46     0   -18    -6   -83    -4     0     0     0     0   -47     0     0    -9   -69   -20   -40     0  -100
     0   -85   -69     0   -95     0     0     0     0     0   -73     0   -67    -6     0   -53   -23   -46     0   -44     0     0     0   -86   -68   -47     0   -95   -41     0     0   -65   -40     0   -75
     0     0     0     0     0     0   -84     0   -61     0     0     0     0  -100    -7     0   -38     0   -50     0   -84     0     0     0     0     0   -95     0   -76     0   -73     0   -93     0     0
     0     0     0   -42   -11   -74   -35     0   -80     0     0     0     0   -28    -3   -35   -29   -75   -39     0   -83    -5   -70     0     0     0   -41   -76     0     0   -95   -27   -95   -83     0
     0   -21     0     0   -65   -13   -30     0     0     0   -50     0   -76     0   -81   -75     0     0     0     0   -29   -13   -14     0   -29    -9     0     0     0     0     0     0   -76   -21     0
     0   -58     0     0   -92     0     0     0     0     0     0    -3    -5     0   -61   -72   -15   -65     0     0     0     0   -64     0    -1   -69     0   -73   -95     0     0   -97     0   -44     0
   -26   -43     0   -63   -95     0   -19   -15     0     0   -18   -93   -45     0     0   -61     0    -2   -69   -73     0     0     0   -53   -22   -20   -65     0   -27     0   -97     0     0     0     0
   -84     0     0   -56   -95     0     0     0     0     0     0   -54     0     0     0   -94     0   -19   -71     0    -7     0     0     0     0   -40   -40   -93   -95   -76     0     0     0     0     0
   -35   -40     0   -50   -96     0   -59     0   -67     0   -25     0     0     0   -47   -88   -58     0     0   -45   -65     0   -55   -57   -97     0     0     0   -83   -21   -44     0     0     0   -66
    -1   -51   -37     0   -40   -19   -10     0     0     0   -65   -31   -39     0     0     0     0     0     0     0   -40     0   -62     0   -20  -100   -75     0     0     0     0     0     0   -66     0
