QBPP_HJ-_45_050_20_2
45 129 4207
46 48 5 23 9 33 28 45 20 35 50 21 31 4 14 21 8 50 30 28 50 7 20 43 29 3 23 36 27 34 41 24 43 50 29 17 49 18 48 43 39 18 15 29 1
     0   -25   -83   -48     0   -78     0   -30    -4     0   -90   -85     0     0   -23     0     0     0   -76   -47   -41     0   -20   -97   -64   -20   -45     0   -23     0     0   -13   -96     0     0     0     0     0   -42   -65   -12   -61   -88     0     0
   -25     0     0     0     0   -77     0   -37   -68     0   -56   -94     0     0   -89     0   -83   -76   -16   -86   -73     0    -3   -75   -55     0   -98     0     0   -76   -82     0     0   -24    -5   -52    -7   -71     0     0     0   -25     0     0     0
   -83     0     0     0   -45   -32     0     0     0   -34     0     0   -42   -72   -60   -63   -63     0   -20     0   -64     0   -85   -40     0   -36   -81     0    -2  -100   -35   -10     0     0   -46   -71     0   -89     0     0     0     0   -63   -91   -76
   -48     0     0     0     0     0   -87     0    -4     0     0   -44     0   -64   -62   -60     0     0   -30   -36   -48     0   -34   -16     0   -66     0   -30     0     0     0     0    -3   -58   -50     0   -99   -90     0     0   -27     0     0     0     0
     0     0   -45     0     0   -89    -4     0     0     0   -93     0   -79     0   -79     0   -12   -20   -87   -95   -57   -13     0   -19     0     0   -39   -42   -31     0   -73     0     0   -71     0   -30   -84     0   -21    -2     0   -12     0     0     0
   -78   -77   -32     0   -89     0     0   -70     0     0     0     0     0     0     0     0   -49     0   -76     0   -74   -56   -60   -75   -22   -71   -24     0     0   -99   -88     0   -31   -42    -1    -3   -26     0   -91   -18   -32     0     0   -20     0
     0     0     0   -87    -4     0     0     0   -42   -10   -93     0     0   -24   -23   -17   -15     0    -7     0     0     0   -26   -22     0     0     0     0     0   -17   -49   -74   -46   -31     0     0   -44     0   -28     0   -14     0     0     0     0
   -30   -37     0     0     0   -70     0     0   -17     0     0     0     0   -96     0     0   -26   -32     0     0   -85     0   -57     0   -37     0     0   -64     0     0     0     0     0   -95     0    -1   -48   -18   -55   -92     0     0   -62     0     0
    -4   -68     0    -4     0     0   -42   -17     0   -94     0   -87   -62   -30    -2   -50     0   -40     0   -70     0     0   -83    -2     0     0     0     0   -51   -20     0     0     0     0     0     0    -3     0   -47   -89   -82     0   -90   -77   -28
     0     0   -34     0     0     0   -10     0   -94     0     0     0   -52  -100   -30     0   -54     0   -38     0     0   -89   -87     0     0     0   -67     0   -52   -96   -75   -45   -58     0     0   -76     0     0     0   -93   -39   -11     0    -1   -69
   -90   -56     0     0   -93     0   -93     0     0     0     0   -23     0   -77   -25     0     0     0   -50    -2   -43     0     0   -93     0     0     0     0   -16     0   -72     0   -83   -30     0     0     0     0     0   -79     0   -60   -63   -83     0
   -85   -94     0   -44     0     0     0     0   -87     0   -23     0    -6     0     0   -63     0   -41   -56   -56   -83   -91     0     0   -26     0     0     0     0   -75   -74   -96     0     0   -20     0   -13     0     0     0     0   -14     0   -91     0
     0     0   -42     0   -79     0     0     0   -62   -52     0    -6     0     0     0   -29   -48     0   -35     0    -3   -54   -73     0   -75   -68   -49     0     0     0   -46     0     0   -36   -88   -17     0     0     0   -75     0     0     0    -6     0
     0     0   -72   -64     0     0   -24   -96   -30  -100   -77     0     0     0     0   -78    -9     0    -3   -26   -59     0   -37   -42   -36     0     0     0   -90     0   -22   -49    -1   -62   -68     0   -87     0     0     0     0   -36     0     0   -86
   -23   -89   -60   -62   -79     0   -23     0    -2   -30   -25     0     0     0     0     0     0   -18   -28    -7     0     0     0   -10   -57     0   -18     0     0   -69     0     0   -87     0     0     0   -55     0   -68     0   -97   -59   -91     0   -49
     0     0   -63   -60     0     0   -17     0   -50     0     0   -63   -29   -78     0     0     0   -87     0     0     0   -63     0     0     0     0   -76   -46     0   -17     0     0    -9     0     0     0     0   -96   -68     0     0     0   -99     0   -39
     0   -83   -63     0   -12   -49   -15   -26     0   -54     0     0   -48    -9     0     0     0   -78   -95   -41     0   -92     0   -51     0   -83     0   -87   -47   -55     0    -5   -97     0     0    -9     0   -21   -31  -100     0     0   -46     0   -71
     0   -76     0     0   -20     0     0   -32   -40     0     0   -41     0     0   -18   -87   -78     0   -87   -59     0   -46   -57   -95     0   -97     0     0   -86     0     0     0     0   -54     0     0     0   -13   -97  -100     0     0     0   -69     0
   -76   -16   -20   -30   -87   -76    -7     0     0   -38   -50   -56   -35    -3   -28     0   -95   -87     0   -89     0   -28   -20   -66   -28     0     0   -19   -42     0   -77     0   -20   -33     0     0   -61     0     0     0   -81   -54   -79   -65   -96
   -47   -86     0   -36   -95     0     0     0   -70     0    -2   -56     0   -26    -7     0   -41   -59   -89     0   -87   -65     0     0   -95   -14     0     0     0   -53   -21     0    -2     0   -96     0     0     0   -59   -79     0   -66     0   -43   -12
   -41   -73   -64   -48   -57   -74     0   -85     0     0   -43   -83    -3   -59     0     0     0     0     0   -87     0   -63     0   -42   -78     0   -36   -98    -1   -32     0     0     0   -79     0   -20     0   -99     0    -6   -54     0   -23     0     0
     0     0     0     0   -13   -56     0     0     0   -89     0   -91   -54     0     0   -63   -92   -46   -28   -65   -63     0     0     0    -7   -89   -98   -28   -56     0    -8     0   -39   -67     0     0   -25     0   -62   -97   -40     0   -27   -11     0
   -20    -3   -85   -34     0   -60   -26   -57   -83   -87     0     0   -73   -37     0     0     0   -57   -20     0     0     0     0    -5   -83    -3     0     0   -11   -95     0   -74   -55     0     0   -33   -29     0     0     0     0   -56   -93   -46     0
   -97   -75   -40   -16   -19   -75   -22     0    -2     0   -93     0     0   -42   -10     0   -51   -95   -66     0   -42     0    -5     0     0   -33     0     0   -38   -92     0     0   -75   -78     0    -1    -1   -89     0   -53   -90     0   -81     0     0
   -64   -55     0     0     0   -22     0   -37     0     0     0   -26   -75   -36   -57     0     0     0   -28   -95   -78    -7   -83     0     0     0     0   -93     0     0     0   -57   -19   -51   -61     0   -49   -15   -37   -77   -49   -28   -97   -99   -98
   -20     0   -36   -66     0   -71     0     0     0     0     0     0   -68     0     0     0   -83   -97     0   -14     0   -89    -3   -33     0     0     0    -2     0   -24    -1   -44     0     0   -20     0     0   -15   -41     0   -99    -6     0    -1     0
   -45   -98   -81     0   -39   -24     0     0     0   -67     0     0   -49     0   -18   -76     0     0     0     0   -36   -98     0     0     0     0     0   -31     0   -87     0     0   -21     0     0     0     0     0     0     0     0     0   -20     0   -70
     0     0     0   -30   -42     0     0   -64     0     0     0     0     0     0     0   -46   -87     0   -19     0   -98   -28     0     0   -93    -2   -31     0     0     0     0    -1   -14     0     0     0   -26     0     0   -26   -64     0     0   -51   -60
   -23     0    -2     0   -31     0     0     0   -51   -52   -16     0     0   -90     0     0   -47   -86   -42     0    -1   -56   -11   -38     0     0     0     0     0     0     0    -7   -78   -41     0     0   -54     0     0    -9     0   -19    -4   -43     0
     0   -76  -100     0     0   -99   -17     0   -20   -96     0   -75     0     0   -69   -17   -55     0     0   -53   -32     0   -95   -92     0   -24   -87     0     0     0     0   -88     0   -63     0     0     0   -30     0   -38     0     0     0   -61  -100
     0   -82   -35     0   -73   -88   -49     0     0   -75   -72   -74   -46   -22     0     0     0     0   -77   -21     0    -8     0     0     0    -1     0     0     0     0     0     0   -34     0     0     0   -78     0     0     0   -80   -98     0     0   -95
   -13     0   -10     0     0     0   -74     0     0   -45     0   -96     0   -49     0     0    -5     0     0     0     0     0   -74     0   -57   -44     0    -1    -7   -88     0     0   -88   -40   -53     0   -59     0     0     0   -58     0     0   -89     0
   -96     0     0    -3     0   -31   -46     0     0   -58   -83     0     0    -1   -87    -9   -97     0   -20    -2     0   -39   -55   -75   -19     0   -21   -14   -78     0   -34   -88     0   -13   -27   -74     0   -21   -32     0     0     0   -98   -73    -6
     0   -24     0   -58   -71   -42   -31   -95     0     0   -30     0   -36   -62     0     0     0   -54   -33     0   -79   -67     0   -78   -51     0     0     0   -41   -63     0   -40   -13     0     0   -12   -35   -75   -25     0   -20   -27     0   -88   -57
     0    -5   -46   -50     0    -1     0     0     0     0     0   -20   -88   -68     0     0     0     0     0   -96     0     0     0     0   -61   -20     0     0     0     0     0   -53   -27     0     0   -48   -97    -5   -82   -19   -25   -81     0     0     0
     0   -52   -71     0   -30    -3     0    -1     0   -76     0     0   -17     0     0     0    -9     0     0     0   -20     0   -33    -1     0     0     0     0     0     0     0     0   -74   -12   -48     0     0     0     0   -82     0     0   -85    -5     0
     0    -7     0   -99   -84   -26   -44   -48    -3     0     0   -13     0   -87   -55     0     0     0   -61     0     0   -25   -29    -1   -49     0     0   -26   -54     0   -78   -59     0   -35   -97     0     0     0     0   -55     0   -34   -53   -67   -56
     0   -71   -89   -90     0     0     0   -18     0     0     0     0     0     0     0   -96   -21   -13     0     0   -99     0     0   -89   -15   -15     0     0     0   -30     0     0   -21   -75    -5     0     0     0   -46     0     0   -96     0   -68   -26
   -42     0     0     0   -21   -91   -28   -55   -47     0     0     0     0     0   -68   -68   -31   -97     0   -59     0   -62     0     0   -37   -41     0     0     0     0     0     0   -32   -25   -82     0     0   -46     0   -57   -21   -84   -96     0     0
   -65     0     0     0    -2   -18     0   -92   -89   -93   -79     0   -75     0     0     0  -100  -100     0   -79    -6   -97     0   -53   -77     0     0   -26    -9   -38     0     0     0     0   -19   -82   -55     0   -57     0     0   -86     0   -49     0
   -12     0     0   -27     0   -32   -14     0   -82   -39     0     0     0     0   -97     0     0     0   -81     0   -54   -40     0   -90   -49   -99     0   -64     0     0   -80   -58     0   -20   -25     0     0     0   -21     0     0   -84   -38     0     0
   -61   -25     0     0   -12     0     0     0     0   -11   -60   -14     0   -36   -59     0     0     0   -54   -66     0     0   -56     0   -28    -6     0     0   -19     0   -98     0     0   -27   -81     0   -34   -96   -84   -86   -84     0     0     0     0
   -88     0   -63     0     0     0     0   -62   -90     0   -63     0     0     0   -91   -99   -46     0   -79     0   -23   -27   -93   -81   -97     0   -20     0    -4     0     0     0   -98     0     0   -85   -53     0   -96     0   -38     0     0     0   -94
     0     0   -91     0     0   -20     0     0   -77    -1   -83   -91    -6     0     0     0     0   -69   -65   -43     0   -11   -46     0   -99    -1     0   -51   -43   -61     0   -89   -73   -88     0    -5   -67   -68     0   -49     0     0     0     0     0
     0     0   -76     0     0     0     0     0   -28   -69     0     0     0   -86   -49   -39   -71     0   -96   -12     0     0     0     0   -98     0   -70   -60     0  -100   -95     0    -6   -57     0     0   -56   -26     0     0     0     0   -94     0     0
