QBPP_HJ-_45_050_20_1
45 117 4166
21 2 49 26 11 43 26 13 34 1 30 20 19 13 20 37 14 23 37 20 39 42 31 45 11 11 18 34 17 43 35 40 44 48 50 2 32 31 8 43 41 26 7 8 4
     0   -29   -64     0   -41     0   -58     0    -1   -48     0   -61     0     0   -38   -48   -21   -47     0     0    -2     0   -91     0     0   -65   -87   -71   -83     0     0   -31     0     0   -81     0   -51   -99     0   -14     0     0   -72   -57     0
   -29     0   -41     0   -71     0     0    -2   -93     0   -81   -46   -87   -38   -87     0     0   -47     0     0   -80     0   -31   -56   -31   -14   -99     0     0     0     0   -75   -17   -75     0   -44     0   -90   -73     0   -34   -51     0   -12   -23
   -64   -41     0     0   -45     0   -74     0     0   -75   -73     0     0    -5     0   -18   -46   -95   -14     0     0     0     0   -58   -71   -56     0     0     0     0   -21     0   -35     0   -77   -37   -73   -28   -25   -65     0     0   -48   -11     0
     0     0     0     0     0     0     0     0     0   -43     0     0     0   -54   -77     0     0     0   -31     0   -47     0   -92     0   -86     0   -67     0   -32  -100     0   -77   -77   -50   -33     0   -19     0   -22   -14  -100     0    -3   -98   -40
   -41   -71   -45     0     0     0     0     0   -77   -82   -91   -92     0     0   -90     0     0    -8     0     0   -18     0   -16   -12     0     0     0     0   -84   -44     0   -11    -8   -58     0     0     0     0    -9   -75   -75     0     0   -65     0
     0     0     0     0     0     0   -61     0     0     0     0   -17     0     0   -81     0     0     0   -77   -65   -71    -1   -64   -56     0     0     0     0     0   -91   -31   -52     0   -51   -83   -69   -86   -81     0     0   -10     0     0     0   -31
   -58     0   -74     0     0   -61     0     0     0     0     0     0   -87     0   -42     0     0     0     0   -46   -31     0   -67     0   -14     0   -57   -69     0     0     0    -1     0     0   -99    -9   -44     0    -6     0   -60   -78     0   -36     0
     0    -2     0     0     0     0     0     0   -91     0   -35     0     0   -31   -50     0   -76     0     0     0     0   -38     0     0     0     0     0     0     0   -91   -73   -53     0   -17   -61     0   -83     0     0   -63     0   -40     0   -73     0
    -1   -93     0     0   -77     0     0   -91     0   -21     0     0     0     0   -34   -76     0     0    -7   -91     0    -8     0   -36     0     0     0   -69     0     0     0   -69    -6   -44     0   -83     0     0     0     0     0   -19    -4   -52     0
   -48     0   -75   -43   -82     0     0     0   -21     0   -41     0   -32   -98   -32     0     0     0   -43     0   -21   -53     0     0   -59     0     0     0     0     0   -18   -43     0   -59     0   -88   -98     0     0   -21    -3     0   -85   -36     0
     0   -81   -73     0   -91     0     0   -35     0   -41     0     0   -98    -7    -1   -37     0    -4     0     0   -65     0     0   -12   -69   -87     0     0     0   -18     0   -76   -28   -72   -64     0   -10     0   -36   -77     0    -8     0   -42     0
   -61   -46     0     0   -92   -17     0     0     0     0     0     0     0     0   -33     0   -78     0     0     0   -64     0     0     0     0     0     0     0     0   -83   -75   -67     0     0     0     0     0     0   -56     0    -2   -25   -42     0     0
     0   -87     0     0     0     0   -87     0     0   -32   -98     0     0    -4     0     0   -45   -19     0   -57   -98   -51    -2   -36     0     0   -19     0   -76   -70   -35   -70   -82   -10   -31     0     0   -84     0     0   -24   -70     0     0     0
     0   -38    -5   -54     0     0     0   -31     0   -98    -7     0    -4     0     0     0   -11     0   -67   -91     0   -90     0   -12   -11   -45     0   -79     0    -3     0     0  -100     0     0     0     0   -73     0   -75     0     0     0   -83   -14
   -38   -87     0   -77   -90   -81   -42   -50   -34   -32    -1   -33     0     0     0     0   -34   -19     0     0   -29   -15   -66   -39     0   -62   -15   -75   -62     0     0   -78   -37     0     0     0   -22     0   -87   -28   -94     0     0   -93     0
   -48     0   -18     0     0     0     0     0   -76     0   -37     0     0     0     0     0     0   -67     0   -12     0   -91     0   -97     0     0     0     0   -11    -8   -65   -78   -61     0     0   -71   -94     0     0     0     0     0     0     0   -59
   -21     0   -46     0     0     0     0   -76     0     0     0   -78   -45   -11   -34     0     0  -100   -23     0   -55   -87     0     0   -56     0   -16   -44    -4   -53     0   -98     0     0   -23     0     0   -46     0   -58   -28   -45     0   -12   -39
   -47   -47   -95     0    -8     0     0     0     0     0    -4     0   -19     0   -19   -67  -100     0     0     0   -74     0     0     0     0     0   -39     0    -1     0   -52     0   -82   -49   -67     0   -15   -29   -58   -45     0   -40     0     0   -94
     0     0   -14   -31     0   -77     0     0    -7   -43     0     0     0   -67     0     0   -23     0     0   -32     0   -79   -25     0     0   -65   -41   -64     0     0     0   -93     0   -52   -36   -94   -56   -22   -48     0   -33    -2     0   -36     0
     0     0     0     0     0   -65   -46     0   -91     0     0     0   -57   -91     0   -12     0     0   -32     0     0    -1   -22   -13   -76    -7   -90   -85     0   -47   -73     0     0   -65   -61   -86   -32   -19     0     0   -81     0   -21     0   -37
    -2   -80     0   -47   -18   -71   -31     0     0   -21   -65   -64   -98     0   -29     0   -55   -74     0     0     0   -85   -38     0   -45    -6   -51     0   -65   -12    -8   -36   -15   -59     0   -77   -59     0   -73   -94     0     0     0   -93   -73
     0     0     0     0     0    -1     0   -38    -8   -53     0     0   -51   -90   -15   -91   -87     0   -79    -1   -85     0   -46     0     0     0     0     0   -82   -53     0     0   -64   -20   -19   -97     0   -24     0   -98     0     0   -65   -99   -80
   -91   -31     0   -92   -16   -64   -67     0     0     0     0     0    -2     0   -66     0     0     0   -25   -22   -38   -46     0   -45     0    -9     0     0     0   -23   -63   -72   -64     0     0     0   -58   -34     0   -92    -2   -25     0   -36   -61
     0   -56   -58     0   -12   -56     0     0   -36     0   -12     0   -36   -12   -39   -97     0     0     0   -13     0     0   -45     0     0   -47     0     0   -53     0     0     0   -34   -26   -61   -43     0     0   -96     0     0     0   -42     0     0
     0   -31   -71   -86     0     0   -14     0     0   -59   -69     0     0   -11     0     0   -56     0     0   -76   -45     0     0     0     0     0   -37   -41     0   -27     0   -48   -39   -65   -70     0     0    -4   -37   -12     0   -82     0     0     0
   -65   -14   -56     0     0     0     0     0     0     0   -87     0     0   -45   -62     0     0     0   -65    -7    -6     0    -9   -47     0     0   -36   -14     0     0   -56   -61   -49     0     0     0   -47   -30    -7   -89   -57   -91     0     0   -88
   -87   -99     0   -67     0     0   -57     0     0     0     0     0   -19     0   -15     0   -16   -39   -41   -90   -51     0     0     0   -37   -36     0     0   -37    -9     0     0     0     0     0     0   -18   -18   -64     0   -17     0   -91   -51     0
   -71     0     0     0     0     0   -69     0   -69     0     0     0     0   -79   -75     0   -44     0   -64   -85     0     0     0     0   -41   -14     0     0   -46     0     0   -78     0   -43   -61   -49     0     0   -74   -70   -81     0   -82     0     0
   -83     0     0   -32   -84     0     0     0     0     0     0     0   -76     0   -62   -11    -4    -1     0     0   -65   -82     0   -53     0     0   -37   -46     0     0   -57   -17     0     0     0   -70     0     0     0   -44     0   -65     0   -57   -25
     0     0     0  -100   -44   -91     0   -91     0     0   -18   -83   -70    -3     0    -8   -53     0     0   -47   -12   -53   -23     0   -27     0    -9     0     0     0   -73     0   -40   -63   -83     0     0   -91     0   -74     0   -78    -6     0     0
     0     0   -21     0     0   -31     0   -73     0   -18     0   -75   -35     0     0   -65     0   -52     0   -73    -8     0   -63     0     0   -56     0     0   -57   -73     0   -26   -34     0     0   -85     0   -46     0   -13   -72   -93     0     0     0
   -31   -75     0   -77   -11   -52    -1   -53   -69   -43   -76   -67   -70     0   -78   -78   -98     0   -93     0   -36     0   -72     0   -48   -61     0   -78   -17     0   -26     0     0   -91     0   -99   -90   -21   -41     0     0     0   -98   -12     0
     0   -17   -35   -77    -8     0     0     0    -6     0   -28     0   -82  -100   -37   -61     0   -82     0     0   -15   -64   -64   -34   -39   -49     0     0     0   -40   -34     0     0   -47     0     0     0     0     0     0     0   -67     0   -15     0
     0   -75     0   -50   -58   -51     0   -17   -44   -59   -72     0   -10     0     0     0     0   -49   -52   -65   -59   -20     0   -26   -65     0     0   -43     0   -63     0   -91   -47     0     0     0     0   -94   -64   -64  -100    -9     0     0   -12
   -81     0   -77   -33     0   -83   -99   -61     0     0   -64     0   -31     0     0     0   -23   -67   -36   -61     0   -19     0   -61   -70     0     0   -61     0   -83     0     0     0     0     0   -99   -44   -65     0     0   -74   -65     0   -41     0
     0   -44   -37     0     0   -69    -9     0   -83   -88     0     0     0     0     0   -71     0     0   -94   -86   -77   -97     0   -43     0     0     0   -49   -70     0   -85   -99     0     0   -99     0     0     0     0   -10   -75  -100   -47     0   -54
   -51     0   -73   -19     0   -86   -44   -83     0   -98   -10     0     0     0   -22   -94     0   -15   -56   -32   -59     0   -58     0     0   -47   -18     0     0     0     0   -90     0     0   -44     0     0     0   -79   -97   -70     0     0     0   -14
   -99   -90   -28     0     0   -81     0     0     0     0     0     0   -84   -73     0     0   -46   -29   -22   -19     0   -24   -34     0    -4   -30   -18     0     0   -91   -46   -21     0   -94   -65     0     0     0     0     0     0   -25   -43   -39     0
     0   -73   -25   -22    -9     0    -6     0     0     0   -36   -56     0     0   -87     0     0   -58   -48     0   -73     0     0   -96   -37    -7   -64   -74     0     0     0   -41     0   -64     0     0   -79     0     0     0   -75   -26     0   -77   -33
   -14     0   -65   -14   -75     0     0   -63     0   -21   -77     0     0   -75   -28     0   -58   -45     0     0   -94   -98   -92     0   -12   -89     0   -70   -44   -74   -13     0     0   -64     0   -10   -97     0     0     0     0     0     0     0   -27
     0   -34     0  -100   -75   -10   -60     0     0    -3     0    -2   -24     0   -94     0   -28     0   -33   -81     0     0    -2     0     0   -57   -17   -81     0     0   -72     0     0  -100   -74   -75   -70     0   -75     0     0     0     0   -47   -85
     0   -51     0     0     0     0   -78   -40   -19     0    -8   -25   -70     0     0     0   -45   -40    -2     0     0     0   -25     0   -82   -91     0     0   -65   -78   -93     0   -67    -9   -65  -100     0   -25   -26     0     0     0     0     0     0
   -72     0   -48    -3     0     0     0     0    -4   -85     0   -42     0     0     0     0     0     0     0   -21     0   -65     0   -42     0     0   -91   -82     0    -6     0   -98     0     0     0   -47     0   -43     0     0     0     0     0   -56   -74
   -57   -12   -11   -98   -65     0   -36   -73   -52   -36   -42     0     0   -83   -93     0   -12     0   -36     0   -93   -99   -36     0     0     0   -51     0   -57     0     0   -12   -15     0   -41     0     0   -39   -77     0   -47     0   -56     0     0
     0   -23     0   -40     0   -31     0     0     0     0     0     0     0   -14     0   -59   -39   -94     0   -37   -73   -80   -61     0     0   -88     0     0   -25     0     0     0     0   -12     0   -54   -14     0   -33   -27   -85     0   -74     0     0
