QBPP_HJ*_45_050_06_3
45 381 2
27 8 10 15 18 7 13 31 32 43 16 1 9 15 2 28 35 9 26 40 50 3 5 26 18 10 39 44 49 19 37 44 16 36 25 29 26 25 8 45 49 37 44 26 48
    0   33   30    0   16   28    0  -38  -14    0   22    0    0   28    7    0  -30  -35    0   35  -41   47    0  -28    0   45    0    0    0    0    0    0    0    0    0    0  -38    0  -24   14  -29    0    0   48    0
   33    0   49   42    0    0  -33    0  -17    5  -48    0    0    0    0    0   -2    0    0   32   50    0    0    0    0   -9   11    0    0    0    0  -10  -44    0    0    8    0    0   39    0    0  -12   15    0    0
   30   49    0    7   32    0    0   41    0    0    0    0  -24    2    0  -36   15   15    0   47    0  -35   23   22   -5   50    0    0  -35    0    0    0   21  -48  -42    7  -33   12   -7    2    5   36    0   44   18
    0   42    7    0   43   12    0    5    0    0   34    0  -46   49   20    0  -47  -36   -3    0   22    0  -43    0  -26   33    0    0    1  -49  -10    0   10    0    0    0    5    0    2    0   34    0   19    0  -38
   16    0   32   43    0   44    0    0   18    0   15  -18    0    6    0    0    0    0    0    0   32    0    0   38    0   36    0   40   42   47   -1    0    0    0   15   45    0    0    6    0    0   37    0  -18   28
   28    0    0   12   44    0    0    0   38   48    0    0    0    0  -47   40    0    0    1   -6   39  -47   37   34   24    0   50    0    0   -1   41    0   -5    3    0  -33  -22   39  -41    0   14    0   31   14    0
    0  -33    0    0    0    0    0   42    0   -3    0    0   -6    0    0   -1    0    0    0    0    0  -26   42   -3   27   45  -22   43   31  -15    0    0    0  -43    0   12    0    0    0    0    0   20    0    0   -3
  -38    0   41    5    0    0   42    0   44    0    0    0   46  -49    0    0    0   25  -24  -36    0    0   11    0    0  -46    0    0    0  -36    0   31  -27    0    0  -42  -12    1  -42    0  -39    0    0    0    0
  -14  -17    0    0   18   38    0   44    0    0    0    0    0   22    0    0    0   16   22    0   -6    0   -9    0  -37  -39    0   28    0  -40   -9    0    0    1    0  -45  -37    0    0    0    0    0    0    0    0
    0    5    0    0    0   48   -3    0    0    0   36  -22    3    0  -23   35    0    0   20    0    0   -3    0    8    0    0    0  -27  -22   -9    0    0   17    0    0   46   32  -33    0  -14    0    0   30    0  -16
   22  -48    0   34   15    0    0    0    0   36    0   -7   20    0  -47    0    0    0    0    0    0   19    0    0    0    0  -43  -48    0    0    0    0    0  -30  -22   29    0  -11  -38    0    0  -27  -33   16    0
    0    0    0    0  -18    0    0    0    0  -22   -7    0    0    0    0  -35    0    0    0   29    0    0    0   35    0    0    0    0  -14  -50    0    0    0  -30    0    0    0  -25    1    0    0  -11   25    0   35
    0    0  -24  -46    0    0   -6   46    0    3   20    0    0   21    0  -47    0   42   12    0   15   42    0  -44  -37    0   38    0    0    0   14  -24    0  -45    0   30   26  -28   10    0   -3   -8    0  -45   24
   28    0    2   49    6    0    0  -49   22    0    0    0   21    0  -35  -44    0    0    0    0    0  -11  -49   -3    0    0    0    0    0   -5    0  -42    0    0    0   39   48    0    0   -7   34    0   -1    0   31
    7    0    0   20    0  -47    0    0    0  -23  -47    0    0  -35    0    0  -21    0   38    0  -49  -42  -38    9  -48  -12    0    8    0    0    0    4  -22  -42  -15  -32    4  -50    0   -6    2    0    0    0    1
    0    0  -36    0    0   40   -1    0    0   35    0  -35  -47  -44    0    0    0    0   35   46    0    0    0    0  -26   -9    0  -25  -41    0    0    0    0    0    0    0    0  -13    0    0    0    0    0    0   -3
  -30   -2   15  -47    0    0    0    0    0    0    0    0    0    0  -21    0    0   31    0   10    0    0    0    0   14   -9    0  -35    0    0   15   18    0   43    0    0   -7    2    0    0    0    0   -7  -20    0
  -35    0   15  -36    0    0    0   25   16    0    0    0   42    0    0    0   31    0  -19   22    4    0    0    0  -16    0    0  -13   37    0  -50    0   39    0  -28    0    0    0    0    0   35    0    0   47    0
    0    0    0   -3    0    1    0  -24   22   20    0    0   12    0   38   35    0  -19    0  -46    0    0  -37    0    0  -27  -47   29    0    0    0    0    0   35    0    0    0   -3   15    0   16    4    0    0   45
   35   32   47    0    0   -6    0  -36    0    0    0   29    0    0    0   46   10   22  -46    0   14    0    0  -18    0   -8    0   22   -4    0    0    0    0    0    0    7   39    5   12   41  -38  -26  -35  -21    0
  -41   50    0   22   32   39    0    0   -6    0    0    0   15    0  -49    0    0    4    0   14    0   -8   12  -34    0    0  -30    0    7   41    0   -4    0    0    0    0  -16   -5    0  -29    0  -40  -20   49    0
   47    0  -35    0    0  -47  -26    0    0   -3   19    0   42  -11  -42    0    0    0    0    0   -8    0    0    0   46    0    0  -45  -45    0    0  -10    0    0  -18    0    0    0   33  -23    0   -1    0    0    0
    0    0   23  -43    0   37   42   11   -9    0    0    0    0  -49  -38    0    0    0  -37    0   12    0    0    0  -36    0    0   17  -49    0    0    4    0   40    0    0    0    0    0   43  -29   12    0   -9    0
  -28    0   22    0   38   34   -3    0    0    8    0   35  -44   -3    9    0    0    0    0  -18  -34    0    0    0    0    0    0    0    0    0    0   26   21    0  -16    0    0   45  -29    0  -32    0   10   33   11
    0    0   -5  -26    0   24   27    0  -37    0    0    0  -37    0  -48  -26   14  -16    0    0    0   46  -36    0    0   29    0    0    0  -49  -49  -19   24    8    0   10    0    0    0    0   -8  -11   -1    0  -23
   45   -9   50   33   36    0   45  -46  -39    0    0    0    0    0  -12   -9   -9    0  -27   -8    0    0    0    0   29    0  -11    0    0    0    0   33    0    0  -18  -50    0  -28    0   42   -3    0  -45    0    0
    0   11    0    0    0   50  -22    0    0    0  -43    0   38    0    0    0    0    0  -47    0  -30    0    0    0    0  -11    0   16    0   -1    0   39   19   41   17    0  -30   29  -35   20   30   45    0    0    5
    0    0    0    0   40    0   43    0   28  -27  -48    0    0    0    8  -25  -35  -13   29   22    0  -45   17    0    0    0   16    0   18    0  -50    0    0  -18    0    0    0    0   43    0   14    0   32  -11    0
    0    0  -35    1   42    0   31    0    0  -22    0  -14    0    0    0  -41    0   37    0   -4    7  -45  -49    0    0    0    0   18    0    0  -34   24   20   -8    0   48    0    0   28    0    0    0   46    2   38
    0    0    0  -49   47   -1  -15  -36  -40   -9    0  -50    0   -5    0    0    0    0    0    0   41    0    0    0  -49    0   -1    0    0    0    0    0   39   40    0  -31  -44  -42    0    0    0   -6  -48   42    0
    0    0    0  -10   -1   41    0    0   -9    0    0    0   14    0    0    0   15  -50    0    0    0    0    0    0  -49    0    0  -50  -34    0    0    0   35   -6    0  -40    0    0  -44   -9    0   -5    7    0    0
    0  -10    0    0    0    0    0   31    0    0    0    0  -24  -42    4    0   18    0    0    0   -4  -10    4   26  -19   33   39    0   24    0    0    0    0  -34   -8    0    0    7    0    0  -23   26   43  -42    0
    0  -44   21   10    0   -5    0  -27    0   17    0    0    0    0  -22    0    0   39    0    0    0    0    0   21   24    0   19    0   20   39   35    0    0   22    0    0    0    0    0    0  -18  -12    0    0   39
    0    0  -48    0    0    3  -43    0    1    0  -30  -30  -45    0  -42    0   43    0   35    0    0    0   40    0    8    0   41  -18   -8   40   -6  -34   22    0  -20   27  -40    0    0   29    0    0    0    0   -3
    0    0  -42    0   15    0    0    0    0    0  -22    0    0    0  -15    0    0  -28    0    0    0  -18    0  -16    0  -18   17    0    0    0    0   -8    0  -20    0    0    0    5    0    0  -39    0   41  -23    0
    0    8    7    0   45  -33   12  -42  -45   46   29    0   30   39  -32    0    0    0    0    7    0    0    0    0   10  -50    0    0   48  -31  -40    0    0   27    0    0  -40    0  -24   40  -41    0    0    0    0
  -38    0  -33    5    0  -22    0  -12  -37   32    0    0   26   48    4    0   -7    0    0   39  -16    0    0    0    0    0  -30    0    0  -44    0    0    0  -40    0  -40    0    0    0  -20  -43  -42    0    0   -2
    0    0   12    0    0   39    0    1    0  -33  -11  -25  -28    0  -50  -13    2    0   -3    5   -5    0    0   45    0  -28   29    0    0  -42    0    7    0    0    5    0    0    0    8    0    0    0   49   17  -14
  -24   39   -7    2    6  -41    0  -42    0    0  -38    1   10    0    0    0    0    0   15   12    0   33    0  -29    0    0  -35   43   28    0  -44    0    0    0    0  -24    0    8    0   44   -1    0    0    0   36
   14    0    2    0    0    0    0    0    0  -14    0    0    0   -7   -6    0    0    0    0   41  -29  -23   43    0    0   42   20    0    0    0   -9    0    0   29    0   40  -20    0   44    0   34    0    8    0   43
  -29    0    5   34    0   14    0  -39    0    0    0    0   -3   34    2    0    0   35   16  -38    0    0  -29  -32   -8   -3   30   14    0    0    0  -23  -18    0  -39  -41  -43    0   -1   34    0    0    0   24  -44
    0  -12   36    0   37    0   20    0    0    0  -27  -11   -8    0    0    0    0    0    4  -26  -40   -1   12    0  -11    0   45    0    0   -6   -5   26  -12    0    0    0  -42    0    0    0    0    0  -50    0    0
    0   15    0   19    0   31    0    0    0   30  -33   25    0   -1    0    0   -7    0    0  -35  -20    0    0   10   -1  -45    0   32   46  -48    7   43    0    0   41    0    0   49    0    8    0  -50    0    0    4
   48    0   44    0  -18   14    0    0    0    0   16    0  -45    0    0    0  -20   47    0  -21   49    0   -9   33    0    0    0  -11    2   42    0  -42    0    0  -23    0    0   17    0    0   24    0    0    0   25
    0    0   18  -38   28    0   -3    0    0  -16    0   35   24   31    1   -3    0    0   45    0    0    0    0   11  -23    0    5    0   38    0    0    0   39   -3    0    0   -2  -14   36   43  -44    0    4   25    0
