QBPP_HJ*_40_050_20_3
40 96 153
20 13 26 8 1 42 28 42 40 13 39 10 9 24 41 7 5 6 14 19 40 13 30 39 16 50 15 5 37 15 42 40 49 32 6 41 29 21 17 8
    0  -44  -40    0    0    4  -29    0    0   18    0  -10   47    0    0   43   48    0   44   16    0    0   -7    0    0    0    0   29   -3    0   41    0    0   12    0   45   -4    0    0    0
  -44    0    0   23  -48    0    0    0   20    0    0   26    0   17    0   25   16    0    0  -30    0   47   22   13    0   20   16    8    0    0  -30    0    0   32   50    0    0  -36  -48    0
  -40    0    0   38    0  -30  -17  -17  -34  -14   26    0    1  -28  -50    9  -24  -16    0    0    0    6    0    0  -31  -25    0    0    0    0    0  -41  -21    0  -11  -25    0   17    0    0
    0   23   38    0    0  -49    0    7  -45  -27    0    0  -48   11   37    0   45    1    0  -16   23  -37    0  -24    0  -40    4    0    0    0   47   48    0  -29    0    0    0    0  -32  -41
    0  -48    0    0    0    0  -39    0    0  -25    0   32   14   41  -40    0  -25   39  -47    3    0    0   45    0    0  -42   33  -11    0    0    0   19  -36    0    0    0   46   46    0   33
    4    0  -30  -49    0    0    0    0   -5   18  -14  -36    0    0   50  -19  -32    0   14  -42    0   13    0    0   -4    0   -9    5   31    0    0  -18    0    0   -6    0  -15   22  -40  -26
  -29    0  -17    0  -39    0    0   42   49  -47    0    0    0    0    0  -12  -16    5    6    0  -37    0    0    0  -10   31   12    5    0    0    0   -8   37   47    5  -47    0   47    0  -39
    0    0  -17    7    0    0   42    0    0  -39    0   -5  -11   27    8  -33    0    0    0    0    0    0    0    0   45  -39    0  -21    0   13    0   19    0    0   31    0   30    0    0   -5
    0   20  -34  -45    0   -5   49    0    0  -16   21    0    0    0  -29  -14    0   41   30    0   33    0    0  -39  -49  -49    0    0    0    6    0    0  -41    0    7    0  -27   46    0    0
   18    0  -14  -27  -25   18  -47  -39  -16    0  -24    0    0   32    0   -3   -6    0   24    0    0    8   12    0   28    0    0    0  -22    0    0    0    0    0    0   17    0    0  -23    0
    0    0   26    0    0  -14    0    0   21  -24    0    0   24   -9    0    0   27  -45    9    0   12   45    0    0    0   12   45  -36    0    0   -5    0   26   -1   12  -23  -11   45   -6    0
  -10   26    0    0   32  -36    0   -5    0    0    0    0   32    0    0    0   46    0    0    0    0    4    0    0   41    0    0    0    0   17    0    0    0    0   43    0    0  -44    0    0
   47    0    1  -48   14    0    0  -11    0    0   24   32    0   11  -42    0    0  -12    0   -2    0    0    0   40    2  -11  -22  -26    0    0   23  -47   34    0    2    0    0   -1    0    0
    0   17  -28   11   41    0    0   27    0   32   -9    0   11    0  -26   42    0    0    0  -18    0  -39   29   24    0  -21    0   44    0    0   11    0    0   -8    0   44   -6    0    0   11
    0    0  -50   37  -40   50    0    8  -29    0    0    0  -42  -26    0   30    0  -22    7    0   23  -34    0  -35    0   33  -39    0    0   20    0    0    2    0    0  -22    0    0    8    0
   43   25    9    0    0  -19  -12  -33  -14   -3    0    0    0   42   30    0    0   -4  -35    0    0    0    0  -18   22  -19    0  -11  -13  -11    0   41   -1    0    0    0    0    0    0  -12
   48   16  -24   45  -25  -32  -16    0    0   -6   27   46    0    0    0    0    0   21    0    0   23   38    0    0    0    0  -37    0    0  -38    0  -45    0    0  -28    0    0  -34   48   20
    0    0  -16    1   39    0    5    0   41    0  -45    0  -12    0  -22   -4   21    0    0    0   -7  -49    0  -41    0  -35    0   19  -46    9    0   25  -50    0    0    9  -34    0    0  -21
   44    0    0    0  -47   14    6    0   30   24    9    0    0    0    7  -35    0    0    0    0    0   -8  -40    0  -40   42   15   38    0   30    0  -47    0    0  -20  -26  -10   12  -50  -13
   16  -30    0  -16    3  -42    0    0    0    0    0    0   -2  -18    0    0    0    0    0    0   35    0    8    0   10   21    0    0  -23  -26    0  -13  -32  -22   13    3   49    1    0   35
    0    0    0   23    0    0  -37    0   33    0   12    0    0    0   23    0   23   -7    0   35    0    0    0    0   -6    0    0    9  -29  -33    0   40   31    0    0   -5   41    0    0  -50
    0   47    6  -37    0   13    0    0    0    8   45    4    0  -39  -34    0   38  -49   -8    0    0    0   40  -34    0    0   -3  -44    0   11   18    0    7  -23   17    0    0  -27    0    0
   -7   22    0    0   45    0    0    0    0   12    0    0    0   29    0    0    0    0  -40    8    0   40    0   15  -26    0    0  -20    0    0  -25    0    0    4  -42   50    0    0  -28    0
    0   13    0  -24    0    0    0    0  -39    0    0    0   40   24  -35  -18    0  -41    0    0    0  -34   15    0  -25    0    0    0  -25  -11    0  -29    0  -38    4   40   -1  -14    0    0
    0    0  -31    0    0   -4  -10   45  -49   28    0   41    2    0    0   22    0    0  -40   10   -6    0  -26  -25    0    0  -42  -20  -25   37    0    0    0    0  -47    0    0   24    2  -36
    0   20  -25  -40  -42    0   31  -39  -49    0   12    0  -11  -21   33  -19    0  -35   42   21    0    0    0    0    0    0    0    0   29    0  -23  -50    0    0    0    0    0    0  -31    0
    0   16    0    4   33   -9   12    0    0    0   45    0  -22    0  -39    0  -37    0   15    0    0   -3    0    0  -42    0    0  -25    0    1    4   23  -13   50    0    3    0    0   14  -47
   29    8    0    0  -11    5    5  -21    0    0  -36    0  -26   44    0  -11    0   19   38    0    9  -44  -20    0  -20    0  -25    0  -26  -35    0    0  -47  -32   28   47    0  -46    0    1
   -3    0    0    0    0   31    0    0    0  -22    0    0    0    0    0  -13    0  -46    0  -23  -29    0    0  -25  -25   29    0  -26    0  -39    0    0    0   -7    0    0   25  -28    0   -8
    0    0    0    0    0    0    0   13    6    0    0   17    0    0   20  -11  -38    9   30  -26  -33   11    0  -11   37    0    1  -35  -39    0   -8    0   48    0  -38    0   15  -20    0    0
   41  -30    0   47    0    0    0    0    0    0   -5    0   23   11    0    0    0    0    0    0    0   18  -25    0    0  -23    4    0    0   -8    0  -33    0  -48   14    6    0  -10    0  -47
    0    0  -41   48   19  -18   -8   19    0    0    0    0  -47    0    0   41  -45   25  -47  -13   40    0    0  -29    0  -50   23    0    0    0  -33    0    0   37  -36   36   14    0  -11    0
    0    0  -21    0  -36    0   37    0  -41    0   26    0   34    0    2   -1    0  -50    0  -32   31    7    0    0    0    0  -13  -47    0   48    0    0    0    0    0    0    0    0    0   -7
   12   32    0  -29    0    0   47    0    0    0   -1    0    0   -8    0    0    0    0    0  -22    0  -23    4  -38    0    0   50  -32   -7    0  -48   37    0    0    0  -43   25    0   35   11
    0   50  -11    0    0   -6    5   31    7    0   12   43    2    0    0    0  -28    0  -20   13    0   17  -42    4  -47    0    0   28    0  -38   14  -36    0    0    0   21  -30    0    2    0
   45    0  -25    0    0    0  -47    0    0   17  -23    0    0   44  -22    0    0    9  -26    3   -5    0   50   40    0    0    3   47    0    0    6   36    0  -43   21    0    0    0    0    0
   -4    0    0    0   46  -15    0   30  -27    0  -11    0    0   -6    0    0    0  -34  -10   49   41    0    0   -1    0    0    0    0   25   15    0   14    0   25  -30    0    0   46    0    0
    0  -36   17    0   46   22   47    0   46    0   45  -44   -1    0    0    0  -34    0   12    1    0  -27    0  -14   24    0    0  -46  -28  -20  -10    0    0    0    0    0   46    0    0    0
    0  -48    0  -32    0  -40    0    0    0  -23   -6    0    0    0    8    0   48    0  -50    0    0    0  -28    0    2  -31   14    0    0    0    0  -11    0   35    2    0    0    0    0  -13
    0    0    0  -41   33  -26  -39   -5    0    0    0    0    0   11    0  -12   20  -21  -13   35  -50    0    0    0  -36    0  -47    1   -8    0  -47    0   -7   11    0    0    0    0  -13    0
