QBPP_HJ-_30_050_20_1
30 74 3651
26 41 7 44 5 41 38 33 18 15 13 48 50 23 26 7 11 10 43 47 9 10 26 25 10 12 34 48 8 5
     0   -62     0   -21     0     0   -28     0   -48     0     0    -9   -11     0     0    -1     0   -81   -75    -6   -47   -46     0   -83   -74     0   -27     0   -66     0
   -62     0     0     0   -73     0    -7   -58   -89     0   -34     0     0     0     0     0     0    -3   -34   -83     0     0     0   -44    -1   -28   -21     0     0     0
     0     0     0     0   -99     0     0     0     0     0    -7   -33   -18     0     0   -72   -41   -17   -21   -69     0   -14   -26   -28   -12   -39     0    -9     0     0
   -21     0     0     0   -75     0     0   -29   -88   -72     0     0     0   -93   -29     0   -85   -82   -68    -4     0   -18   -10     0     0   -90     0   -68   -53     0
     0   -73   -99   -75     0     0   -41   -15     0    -6     0   -89     0   -73     0     0   -42  -100   -78     0     0   -86   -98     0     0     0     0   -98   -52     0
     0     0     0     0     0     0   -41   -58   -43     0   -94    -7   -25   -49   -41     0     0     0   -18   -11     0   -89   -93     0     0     0     0     0   -82   -27
   -28    -7     0     0   -41   -41     0     0   -59   -86   -95     0   -83     0   -95   -20   -10     0   -44     0     0   -83     0   -84     0   -24     0   -16   -31     0
     0   -58     0   -29   -15   -58     0     0     0     0     0   -67   -52     0   -39     0     0   -45     0   -89     0     0   -43     0   -30     0   -68     0   -97   -17
   -48   -89     0   -88     0   -43   -59     0     0   -10   -27     0     0     0     0   -18   -57   -52   -65   -90   -53   -88   -53   -92     0   -93   -79   -66   -46    -8
     0     0     0   -72    -6     0   -86     0   -10     0   -59   -84   -80   -29    -8   -40   -96   -42   -92   -77     0     0     0     0   -83     0   -90     0   -28   -54
     0   -34    -7     0     0   -94   -95     0   -27   -59     0   -81    -2     0     0     0     0     0     0     0     0     0     0   -15   -46   -21     0     0     0   -55
    -9     0   -33     0   -89    -7     0   -67     0   -84   -81     0     0     0     0   -47     0     0   -48     0     0   -39  -100   -94   -10   -83    -6   -61   -30     0
   -11     0   -18     0     0   -25   -83   -52     0   -80    -2     0     0   -65     0     0     0     0     0     0     0     0   -91   -68   -96   -62     0   -17   -70    -1
     0     0     0   -93   -73   -49     0     0     0   -29     0     0   -65     0     0    -5   -78     0     0    -2     0   -96    -4     0     0   -35     0     0     0     0
     0     0     0   -29     0   -41   -95   -39     0    -8     0     0     0     0     0   -73     0    -2     0     0   -18     0     0     0   -73     0     0     0   -74   -34
    -1     0   -72     0     0     0   -20     0   -18   -40     0   -47     0    -5   -73     0   -52     0     0   -25   -19    -1   -47   -75     0     0   -92   -92   -37     0
     0     0   -41   -85   -42     0   -10     0   -57   -96     0     0     0   -78     0   -52     0     0   -99     0     0   -30     0   -60     0    -7     0   -47    -4   -94
   -81    -3   -17   -82  -100     0     0   -45   -52   -42     0     0     0     0    -2     0     0     0   -17     0     0     0     0     0     0     0   -12   -51     0   -74
   -75   -34   -21   -68   -78   -18   -44     0   -65   -92     0   -48     0     0     0     0   -99   -17     0     0     0     0     0   -20   -88     0     0   -35     0   -80
    -6   -83   -69    -4     0   -11     0   -89   -90   -77     0     0     0    -2     0   -25     0     0     0     0     0     0     0   -79     0   -77   -52     0   -50     0
   -47     0     0     0     0     0     0     0   -53     0     0     0     0     0   -18   -19     0     0     0     0     0   -76     0   -37   -55     0   -11   -28     0     0
   -46     0   -14   -18   -86   -89   -83     0   -88     0     0   -39     0   -96     0    -1   -30     0     0     0   -76     0   -48     0   -10     0   -54     0     0     0
     0     0   -26   -10   -98   -93     0   -43   -53     0     0  -100   -91    -4     0   -47     0     0     0     0     0   -48     0     0   -92     0     0   -98     0     0
   -83   -44   -28     0     0     0   -84     0   -92     0   -15   -94   -68     0     0   -75   -60     0   -20   -79   -37     0     0     0   -88     0   -39     0     0    -6
   -74    -1   -12     0     0     0     0   -30     0   -83   -46   -10   -96     0   -73     0     0     0   -88     0   -55   -10   -92   -88     0     0   -60     0     0     0
     0   -28   -39   -90     0     0   -24     0   -93     0   -21   -83   -62   -35     0     0    -7     0     0   -77     0     0     0     0     0     0     0   -16     0     0
   -27   -21     0     0     0     0     0   -68   -79   -90     0    -6     0     0     0   -92     0   -12     0   -52   -11   -54     0   -39   -60     0     0     0     0   -94
     0     0    -9   -68   -98     0   -16     0   -66     0     0   -61   -17     0     0   -92   -47   -51   -35     0   -28     0   -98     0     0   -16     0     0     0     0
   -66     0     0   -53   -52   -82   -31   -97   -46   -28     0   -30   -70     0   -74   -37    -4     0     0   -50     0     0     0     0     0     0     0     0     0     0
     0     0     0     0     0   -27     0   -17    -8   -54   -55     0    -1     0   -34     0   -94   -74   -80     0     0     0     0    -6     0     0   -94     0     0     0
