QBPP_HJ*_40_050_10_4
40 216 21
10 7 37 38 32 20 27 1 29 35 50 1 42 44 6 29 26 36 46 7 26 40 14 40 23 44 35 30 9 23 6 8 26 43 29 16 46 28 28 41
    0    1    0   36   40    0    0    0    0    0  -21    0  -22    0    0    0    0  -41    0    0    0    0  -32  -38  -17    0    4  -18  -49    0  -43  -16   -7  -15    0    0  -29    0    0    0
    1    0    0  -27   30   42  -13   24    0    0  -23  -31    0    0    0   29    0   50    0    0    0    0  -42  -32    0   27  -32    0   20    0    0  -14    0    0    0    0    0    0    0    2
    0    0    0    0    0    0   10  -25    0   45    0   41   16  -29    0   49  -34    0  -17   50   -9  -36    0    0    0    0    0    0    0    0  -18    0    0  -24   50    0    0    0   32   19
   36  -27    0    0  -15   16   18    0   45   -1    1    0    0  -50  -49    0    7    0  -19    0  -21    0  -42    0    0    0   26   47    0   11    0    0   14    0   32    0    0  -38   13    3
   40   30    0  -15    0    0    0   -6  -16    0    0   -6   26    0   26  -49    0    0   22    0    0   46    0    0    0    0  -46   34    0  -28    0  -33    0   21   45    0    0    0   30    0
    0   42    0   16    0    0   -2  -34    0  -22    0  -33    0    0  -18    0   32  -13  -40  -26    2   -2   37    1    5  -50    0   35   46    0  -23  -46    0    0    0    0   22   44   40    0
    0  -13   10   18    0   -2    0    0    0   -5    0  -12  -36    0    0    0  -41    0    0    0    0    0    0    0    0    0    0    0  -47  -40    0    0    0    0    0   43    0  -12    0   14
    0   24  -25    0   -6  -34    0    0  -30    0    0    0    0  -32  -26    0   22    0   43    0  -20  -24    0    0    0    0    0   40    0    0   38   -3    0    0    0    0  -45    0    0    0
    0    0    0   45  -16    0    0  -30    0   29    0    0   40    0    0    0  -14   -3  -29   37    0   24    0    0  -41  -13    0    0  -24    0    3    0    0  -48    0  -31    0    0   15    0
    0    0   45   -1    0  -22   -5    0   29    0  -22   31    0  -26  -23  -35    6    0   25   16  -45   -6    0   15  -23    0    4    0  -45    0    0    0   38    0    0   -1   36    0    0  -41
  -21  -23    0    1    0    0    0    0    0  -22    0    0    0   35    0    0  -45    0   22    0    0   25    1   44    0   12   36   -2    0    0  -31    0   24    0    7    0    0   49  -42  -50
    0  -31   41    0   -6  -33  -12    0    0   31    0    0  -17    0    0    0    0  -36    0   -7   12   39    0    0    0   -3   35    0  -17    0    0  -26  -44    0    0    0    0   31    0  -15
  -22    0   16    0   26    0  -36    0   40    0    0  -17    0    0    0    0  -50    0  -25    0  -47   28   35  -23  -25    0   29    0  -31    0    0    0    0  -23    0    0    0  -29   43  -40
    0    0  -29  -50    0    0    0  -32    0  -26   35    0    0    0    0    0    0   15   -7    0    0    0  -44   46   48    0  -35    0   27    0    0    0  -16    0    0   35    0   24    0  -18
    0    0    0  -49   26  -18    0  -26    0  -23    0    0    0    0    0    0    0    0    0   -4    0    0    0    0  -42    0    0  -12    0    0    0    0    0    0  -32    0  -39  -35    0  -33
    0   29   49    0  -49    0    0    0    0  -35    0    0    0    0    0    0  -15    0    0    0   36  -10    0   17   43    0    0    2  -19    0    0    0  -21    0   16    0   -1    0    0    0
    0    0  -34    7    0   32  -41   22  -14    6  -45    0  -50    0    0  -15    0    0   30   40    0   18  -13    1   15    0    0   11   19    0  -13    0    0    0  -15   45   -7   -6    0  -46
  -41   50    0    0    0  -13    0    0   -3    0    0  -36    0   15    0    0    0    0    0    0    0  -39    0    0   32    0    8    0  -49    0  -34  -43   21   21    0    0    0    0    0    0
    0    0  -17  -19   22  -40    0   43  -29   25   22    0  -25   -7    0    0   30    0    0    0    0   39    0  -23  -24    3   13  -37  -18   43  -39   11   36    0    0    0   43    0  -24  -15
    0    0   50    0    0  -26    0    0   37   16    0   -7    0    0   -4    0   40    0    0    0    0    0   21    0    3   -2  -24    0   -5    0   49    0    0    0    0    0    0   31    0    0
    0    0   -9  -21    0    2    0  -20    0  -45    0   12  -47    0    0   36    0    0    0    0    0  -44  -50   19    0   -7  -36   32    0    0   -4   36   -7    0   44    0  -34    3   20   -9
    0    0  -36    0   46   -2    0  -24   24   -6   25   39   28    0    0  -10   18  -39   39    0  -44    0    0   31   -4  -11  -47  -34   25    0  -32    0   16  -39   50   46    0   44  -25    0
  -32  -42    0  -42    0   37    0    0    0    0    1    0   35  -44    0    0  -13    0    0   21  -50    0    0    0   -2  -37    0    0    0    0   -7  -25    0    0   29    0   49    0    0    0
  -38  -32    0    0    0    1    0    0    0   15   44    0  -23   46    0   17    1    0  -23    0   19   31    0    0    0    0   47    9    0  -34  -45    0    0   19  -48   -5    0    0   10   14
  -17    0    0    0    0    5    0    0  -41  -23    0    0  -25   48  -42   43   15   32  -24    3    0   -4   -2    0    0  -16    0    0   23    0    0   50   33    0    0    0  -34    0  -37    0
    0   27    0    0    0  -50    0    0  -13    0   12   -3    0    0    0    0    0    0    3   -2   -7  -11  -37    0  -16    0    0   31    0    0   44    0  -50    0   25   25    0    0    0  -20
    4  -32    0   26  -46    0    0    0    0    4   36   35   29  -35    0    0    0    8   13  -24  -36  -47    0   47    0    0    0  -41  -29  -34   42    0   -3    0   14  -42   36   17  -33    0
  -18    0    0   47   34   35    0   40    0    0   -2    0    0    0  -12    2   11    0  -37    0   32  -34    0    9    0   31  -41    0  -47   37    0    0    0    0   20    0    0    0   41   11
  -49   20    0    0    0   46  -47    0  -24  -45    0  -17  -31   27    0  -19   19  -49  -18   -5    0   25    0    0   23    0  -29  -47    0   -4    0  -22   48    0    0    0    0    0    0    0
    0    0    0   11  -28    0  -40    0    0    0    0    0    0    0    0    0    0    0   43    0    0    0    0  -34    0    0  -34   37   -4    0  -39    0    0    3  -40  -12    0  -21  -36    0
  -43    0  -18    0    0  -23    0   38    3    0  -31    0    0    0    0    0  -13  -34  -39   49   -4  -32   -7  -45    0   44   42    0    0  -39    0    0   16    0    0    0  -10    0   -5    0
  -16  -14    0    0  -33  -46    0   -3    0    0    0  -26    0    0    0    0    0  -43   11    0   36    0  -25    0   50    0    0    0  -22    0    0    0    9    0    0    0    0   -6   41    0
   -7    0    0   14    0    0    0    0    0   38   24  -44    0  -16    0  -21    0   21   36    0   -7   16    0    0   33  -50   -3    0   48    0   16    9    0   -1    0   -6    0  -46    0    2
  -15    0  -24    0   21    0    0    0  -48    0    0    0  -23    0    0    0    0   21    0    0    0  -39    0   19    0    0    0    0    0    3    0    0   -1    0   30  -15    0    0  -30   35
    0    0   50   32   45    0    0    0    0    0    7    0    0    0  -32   16  -15    0    0    0   44   50   29  -48    0   25   14   20    0  -40    0    0    0   30    0    0  -31    0   -7   11
    0    0    0    0    0    0   43    0  -31   -1    0    0    0   35    0    0   45    0    0    0    0   46    0   -5    0   25  -42    0    0  -12    0    0   -6  -15    0    0   30    0  -44    0
  -29    0    0    0    0   22    0  -45    0   36    0    0    0    0  -39   -1   -7    0   43    0  -34    0   49    0  -34    0   36    0    0    0  -10    0    0    0  -31   30    0    0  -19  -22
    0    0    0  -38    0   44  -12    0    0    0   49   31  -29   24  -35    0   -6    0    0   31    3   44    0    0    0    0   17    0    0  -21    0   -6  -46    0    0    0    0    0   39  -26
    0    0   32   13   30   40    0    0   15    0  -42    0   43    0    0    0    0    0  -24    0   20  -25    0   10  -37    0  -33   41    0  -36   -5   41    0  -30   -7  -44  -19   39    0  -32
    0    2   19    3    0    0   14    0    0  -41  -50  -15  -40  -18  -33    0  -46    0  -15    0   -9    0    0   14    0  -20    0   11    0    0    0    0    2   35   11    0  -22  -26  -32    0
