QBPP_HJ*_35_050_20_5
35 89 175
32 7 37 19 42 16 14 13 19 25 21 21 8 42 48 39 21 39 49 15 20 10 30 17 24 42 10 46 5 46 12 39 31 4 23
    0    0    1    0    0    0   21  -11   15    0   -1    0    0   40   14    0    0    5    0    0    0   47    0    7   47  -34   47    0   12  -15   24    0    0    0   35
    0    0   35  -10  -32  -32    3    0    0    0    5    0   29    0    0    3    0   46   40    5    0    0    0    0   -6    0    1  -50  -25  -40   33    0    0  -26    0
    1   35    0   34  -48   23    0   -3   -1  -25    0    7  -25  -33  -35   15   29    0    0    0    0  -10  -35    0    0    0    0    0  -50    0    0  -34    0    0   23
    0  -10   34    0    5    0    0    0    0    0  -15    7   31  -39    0    0   12  -49  -13  -48    0  -49   -9   49    0   38    0    3   28    0    0    0    0    0    0
    0  -32  -48    5    0    0    0    0    5    0    0    0   -5  -11    0  -18   14   13    8    0   -3    0   12  -17  -39    0    0    0    6   12    0    0    0   44   45
    0  -32   23    0    0    0  -37  -42   22    0  -46    0   23   12    0   -3  -46   19   -6    0    0    0    0    0    0    0    0    0    0  -31    0   20    0  -12   39
   21    3    0    0    0  -37    0  -42    0   29    0    0   50    0    0   48  -41    0    0   47    0  -13  -25   -5    0    0    0   22   -6   46    0    3    0    0    0
  -11    0   -3    0    0  -42  -42    0    0    0    0    0  -30    0   26    0    9    3   29  -23    0    0    0  -28   34  -26  -43    0  -17    3  -22  -30    0   41    4
   15    0   -1    0    5   22    0    0    0    0   38   21    0    0    6   20   49   27   31    0   36   -3  -48   33    0   22   -9    0    0    0   43    0    0  -12   39
    0    0  -25    0    0    0   29    0    0    0    0    0  -35  -30  -15    0   24    0   32    0    0  -46   12    6   -9    0    9    0  -19    2  -43    0    5  -25    0
   -1    5    0  -15    0  -46    0    0   38    0    0    0  -45   42    0    0    0   47    0   37   16  -36    0    0   47    0    0  -19    0   28    0   19  -44   49  -41
    0    0    7    7    0    0    0    0   21    0    0    0    0   13    0   48    0    0   38    0  -36   34   21    0    0   25  -22  -50    0    0   29    0   -9    0   11
    0   29  -25   31   -5   23   50  -30    0  -35  -45    0    0    0    0    0    0  -14   35    0    0    0   41  -43    0  -11   18  -29    0    0   -3   34    0    0   31
   40    0  -33  -39  -11   12    0    0    0  -30   42   13    0    0   47    0    0    0    0    8    0  -27   25    0    0  -18   27    0  -35   44   43  -41   47    0   38
   14    0  -35    0    0    0    0   26    6  -15    0    0    0   47    0  -22    0  -34    0    0    0  -45   18    0   -5  -43   26    0  -30   36    1   -7    0    1    0
    0    3   15    0  -18   -3   48    0   20    0    0   48    0    0  -22    0    0    0   -3   11   11   33   30    0   36    0    0  -26    0  -22   17  -11  -26   19  -32
    0    0   29   12   14  -46  -41    9   49   24    0    0    0    0    0    0    0    0  -21  -27  -41    0    0    0    0    0    0    0   50    0    0  -21  -40   15   27
    5   46    0  -49   13   19    0    3   27    0   47    0  -14    0  -34    0    0    0    0  -34  -14    0   28  -44   44    0  -50    0    0    0    0    3  -15   13   50
    0   40    0  -13    8   -6    0   29   31   32    0   38   35    0    0   -3  -21    0    0   15  -21    0    0  -31    0    0    0    0    0    0  -15   28    0   29    0
    0    5    0  -48    0    0   47  -23    0    0   37    0    0    8    0   11  -27  -34   15    0   36    0   39  -49  -46   39   44    0    0   27   33  -36  -22  -11    0
    0    0    0    0   -3    0    0    0   36    0   16  -36    0    0    0   11  -41  -14  -21   36    0  -15   45   -4    0    0    0   -5   49    0  -12    0  -29  -43    0
   47    0  -10  -49    0    0  -13    0   -3  -46  -36   34    0  -27  -45   33    0    0    0    0  -15    0  -23   -6    0   -6    0    0    0   17   34  -38  -48    0    0
    0    0  -35   -9   12    0  -25    0  -48   12    0   21   41   25   18   30    0   28    0   39   45  -23    0    0    0    0    3    0   34   12    0    0    0    0    0
    7    0    0   49  -17    0   -5  -28   33    6    0    0  -43    0    0    0    0  -44  -31  -49   -4   -6    0    0    0    0   23   41  -29    9   15    0    0    0  -10
   47   -6    0    0  -39    0    0   34    0   -9   47    0    0    0   -5   36    0   44    0  -46    0    0    0    0    0    0   -2    0    0    0    0   -5    0    0    0
  -34    0    0   38    0    0    0  -26   22    0    0   25  -11  -18  -43    0    0    0    0   39    0   -6    0    0    0    0    3   39   41   29    0  -32   31    8    0
   47    1    0    0    0    0    0  -43   -9    9    0  -22   18   27   26    0    0  -50    0   44    0    0    3   23   -2    3    0    0  -38   39    6    0   40   41    0
    0  -50    0    3    0    0   22    0    0    0  -19  -50  -29    0    0  -26    0    0    0    0   -5    0    0   41    0   39    0    0    0    0    0    0  -31   -8    0
   12  -25  -50   28    6    0   -6  -17    0  -19    0    0    0  -35  -30    0   50    0    0    0   49    0   34  -29    0   41  -38    0    0    0   -1   11  -41   32   -2
  -15  -40    0    0   12  -31   46    3    0    2   28    0    0   44   36  -22    0    0    0   27    0   17   12    9    0   29   39    0    0    0    7   27    0    0    0
   24   33    0    0    0    0    0  -22   43  -43    0   29   -3   43    1   17    0    0  -15   33  -12   34    0   15    0    0    6    0   -1    7    0    5   -3    0  -19
    0    0  -34    0    0   20    3  -30    0    0   19    0   34  -41   -7  -11  -21    3   28  -36    0  -38    0    0   -5  -32    0    0   11   27    5    0    0  -13  -23
    0    0    0    0    0    0    0    0    0    5  -44   -9    0   47    0  -26  -40  -15    0  -22  -29  -48    0    0    0   31   40  -31  -41    0   -3    0    0    0    0
    0  -26    0    0   44  -12    0   41  -12  -25   49    0    0    0    1   19   15   13   29  -11  -43    0    0    0    0    8   41   -8   32    0    0  -13    0    0    0
   35    0   23    0   45   39    0    4   39    0  -41   11   31   38    0  -32   27   50    0    0    0    0    0  -10    0    0    0    0   -2    0  -19  -23    0    0    0
