QBPP_HJ*_45_075_10_3
45 180 7
21 8 15 15 28 3 30 13 4 5 1 5 5 11 26 14 26 2 17 37 45 26 9 40 14 26 3 49 16 27 3 31 28 7 10 37 26 50 6 48 12 36 23 34 7
    0  -32    0   19   19    0    0   43   14    0  -44  -38   -4    0   35  -37   39    0    0    0   42   30    0  -31  -12   35    0   -3  -43  -47   10   33    7    0  -45  -35   47  -42  -46   44    0   -1  -47   16   46
  -32    0   20    0    0    8   20  -27   23  -22    0    0   48   18  -36  -23    0   20   -6  -48   50   15  -26   25  -41   10   22    0   40    0    0   39   23   49  -36  -16   27    3  -28    0    0   -4  -28    0  -29
    0   20    0   36    0    9  -22    0   36  -19   48   41  -25    0    0  -35   36    0   32    0  -21  -36  -16    0  -15    0    0   48    1    0    6   -6   -6    0    0  -50    4    0    0  -45  -12    0  -34    0  -41
   19    0   36    0   29   28    0    0   44  -25  -43   43  -26  -32   35    0   38  -22   26   20    0    0   33  -41   21    0    0   42   11    0    4  -47   -1   -5  -35   14   27    0  -32   23  -16  -30   42   49    0
   19    0    0   29    0   49   17  -33    0   39  -23    8  -27   30    0    1  -20   25   24   10    0   48   36  -12  -48   32   26  -39    0  -37   -2   47   30  -40   32    0  -38   -9  -15    0  -14  -41  -29   -2    0
    0    8    9   28   49    0    0   -5  -35    0  -36    0    0   41    0   15   21  -22    0  -36    0    5  -34  -16  -19   48    0    0  -32  -24  -36    4    0  -46    0   30    0   23    8   30  -47   22   40    0  -35
    0   20  -22    0   17    0    0  -49   27  -50   34   -4   21   23    0  -22    0    0    0    0  -44    0   12    0    0    0    8    0  -29   23   16    0   28  -15   -6  -26  -24   13  -20   18   44   42   49    0  -47
   43  -27    0    0  -33   -5  -49    0   17  -12   10    9   -1   33    0   -9    0   50   15   -8    5    0   40  -15    0   33    0  -16    5    0    3    0    0   39   35    7    0    0   35  -32   -6   12  -17    0   28
   14   23   36   44    0  -35   27   17    0   16  -42   -8   29  -31    0   16    7    0  -31   43  -32   21   23   41    0    8   -8   42   30  -31    0   19  -39  -50    8    0    0   30    0  -48   27    0  -45  -49  -42
    0  -22  -19  -25   39    0  -50  -12   16    0    0    0    0    0  -43  -26   50  -32  -50  -22   43  -33  -37   45    0    0   27    0  -23  -23   15    9  -37   22   32  -41   20  -25    0  -36    3  -15   -5  -37    0
  -44    0   48  -43  -23  -36   34   10  -42    0    0  -31    0  -32   19    5   -4   41   48    0   26  -47  -23    3   47   42  -40    4   15   20  -49   -9  -42    0    0    7    6   -9    0    9   47    2   -3    0   41
  -38    0   41   43    8    0   -4    9   -8    0  -31    0    0   39    0   43    5  -39  -36   18    0  -16  -16   29  -17  -43    9  -24   20   32  -22    0    0   21   16  -15   44    0  -46   17  -32   42  -37   26    0
   -4   48  -25  -26  -27    0   21   -1   29    0    0    0    0  -27  -45    0  -41   50  -29    5  -34    0   37    0  -36    0   18   45   24  -41   -9    0   47    2  -24    0    2    0    0    0    0  -30   39   11  -14
    0   18    0  -32   30   41   23   33  -31    0  -32   39  -27    0  -37    0   30  -41   -1    0    0   44   39    0  -24  -31   44   30   -2  -46    0  -50  -31   10  -33   47    0  -25   42    0  -35   15    0   37  -39
   35  -36    0   35    0    0    0    0    0  -43   19    0  -45  -37    0    0  -38   14   -4   41   12   -2    0   17  -14    0    0  -46  -47    0    3   38   -8    0  -50  -26  -12   25  -45   21    0    9  -30    0  -22
  -37  -23  -35    0    1   15  -22   -9   16  -26    5   43    0    0    0    0    0  -14  -29    0  -36   49  -33    0   25    6  -13  -14   36   48  -26   10  -17    3  -36  -38   -5    6    0   33  -29  -10    0   28    0
   39    0   36   38  -20   21    0    0    7   50   -4    5  -41   30  -38    0    0   47   44    5  -37   26    0    1  -43    0    5  -18   10  -27   33    0    0  -33    0    9  -46  -42   39    9   -3  -25   31  -34   50
    0   20    0  -22   25  -22    0   50    0  -32   41  -39   50  -41   14  -14   47    0   -7    0    0   -7   15    5  -12  -30   -1    0   36   26   37    8  -28    0  -19    2  -31    0    0   25    0    0   22    0    0
    0   -6   32   26   24    0    0   15  -31  -50   48  -36  -29   -1   -4  -29   44   -7    0  -40  -18   21   22    0  -38   46   42   -9  -20  -24  -38   25  -30  -10  -23   15    0    0   -3    0   25  -30   25   17   44
    0  -48    0   20   10  -36    0   -8   43  -22    0   18    5    0   41    0    5    0  -40    0  -47    0  -14    0    0   18   17   38   29    0   22    0  -46    9   46    0   41    0   34    0  -18    0    0    0   22
   42   50  -21    0    0    0  -44    5  -32   43   26    0  -34    0   12  -36  -37    0  -18  -47    0    0   19  -22    0   19    0  -29  -23  -46  -35  -44    0  -49  -46    4   -8    0    0   23    3    0  -17   25  -20
   30   15  -36    0   48    5    0    0   21  -33  -47  -16    0   44   -2   49   26   -7   21    0    0    0  -27    0    0   46  -14    8  -34  -14  -32   -2   20  -49   27   17    0   30   -6   -2   -4   -1   11   24    0
    0  -26  -16   33   36  -34   12   40   23  -37  -23  -16   37   39    0  -33    0   15   22  -14   19  -27    0   32    7  -49   16    1   -3    0  -48    0   41  -35   21   -5   -4  -20   11    0   -7  -16   11  -22    4
  -31   25    0  -41  -12  -16    0  -15   41   45    3   29    0    0   17    0    1    5    0    0  -22    0   32    0   31  -50  -34    0  -41   31  -29   49  -33   20  -25   24    0    0   18    0   -7    0    0   22    6
  -12  -41  -15   21  -48  -19    0    0    0    0   47  -17  -36  -24  -14   25  -43  -12  -38    0    0    0    7   31    0    0    0  -10    8    0   19   43    0   -5  -47   10    0   49    0    0  -12   50  -15   14  -26
   35   10    0    0   32   48    0   33    8    0   42  -43    0  -31    0    6    0  -30   46   18   19   46  -49  -50    0    0    0   38   12  -31  -15    0   30   28  -47    0   34    7    0   48   30   36  -48    0  -32
    0   22    0    0   26    0    8    0   -8   27  -40    9   18   44    0  -13    5   -1   42   17    0  -14   16  -34    0    0    0   -4  -45  -26  -27    0   -8    0  -10   -2   31  -50    0  -12    0    0   12    9  -27
   -3    0   48   42  -39    0    0  -16   42    0    4  -24   45   30  -46  -14  -18    0   -9   38  -29    8    1    0  -10   38   -4    0  -45   45  -40  -10   32  -23  -26   -8    0   32    0  -24   40    0   24  -47   27
  -43   40    1   11    0  -32  -29    5   30  -23   15   20   24   -2  -47   36   10   36  -20   29  -23  -34   -3  -41    8   12  -45  -45    0    0  -32   22   29  -28  -40  -40   25    0  -21   -9   47   13   47  -35  -39
  -47    0    0    0  -37  -24   23    0  -31  -23   20   32  -41  -46    0   48  -27   26  -24    0  -46  -14    0   31    0  -31  -26   45    0    0  -36  -29    0  -42  -22    0    0    0   22   26  -11  -35   22  -23   42
   10    0    6    4   -2  -36   16    3    0   15  -49  -22   -9    0    3  -26   33   37  -38   22  -35  -32  -48  -29   19  -15  -27  -40  -32  -36    0  -28   49    5    7   50  -15    0  -35   -8  -29   28  -43   10    0
   33   39   -6  -47   47    4    0    0   19    9   -9    0    0  -50   38   10    0    8   25    0  -44   -2    0   49   43    0    0  -10   22  -29  -28    0    0   -7   19  -32    0   46   29  -33   30  -46    0    0   18
    7   23   -6   -1   30    0   28    0  -39  -37  -42    0   47  -31   -8  -17    0  -28  -30  -46    0   20   41  -33    0   30   -8   32   29    0   49    0    0  -32   11  -32    8    0    0   49  -19   41   32    7    0
    0   49    0   -5  -40  -46  -15   39  -50   22    0   21    2   10    0    3  -33    0  -10    9  -49  -49  -35   20   -5   28    0  -23  -28  -42    5   -7  -32    0   32  -38    5   17   -1   50   40   22   -5   -7   29
  -45  -36    0  -35   32    0   -6   35    8   32    0   16  -24  -33  -50  -36    0  -19  -23   46  -46   27   21  -25  -47  -47  -10  -26  -40  -22    7   19   11   32    0  -39    0    9    0    0    0   48  -14    8   32
  -35  -16  -50   14    0   30  -26    7    0  -41    7  -15    0   47  -26  -38    9    2   15    0    4   17   -5   24   10    0   -2   -8  -40    0   50  -32  -32  -38  -39    0  -11   -6    0  -22  -39   23    0    0    0
   47   27    4   27  -38    0  -24    0    0   20    6   44    2    0  -12   -5  -46  -31    0   41   -8    0   -4    0    0   34   31    0   25    0  -15    0    8    5    0  -11    0    0    6   49  -20  -24   -4    0    1
  -42    3    0    0   -9   23   13    0   30  -25   -9    0    0  -25   25    6  -42    0    0    0    0   30  -20    0   49    7  -50   32    0    0    0   46    0   17    9   -6    0    0  -24  -23  -22    4    1   34  -22
  -46  -28    0  -32  -15    8  -20   35    0    0    0  -46    0   42  -45    0   39    0   -3   34    0   -6   11   18    0    0    0    0  -21   22  -35   29    0   -1    0    0    6  -24    0   25  -46    0   33    0   37
   44    0  -45   23    0   30   18  -32  -48  -36    9   17    0    0   21   33    9   25    0    0   23   -2    0    0    0   48  -12  -24   -9   26   -8  -33   49   50    0  -22   49  -23   25    0   43  -16  -22   43  -41
    0    0  -12  -16  -14  -47   44   -6   27    3   47  -32    0  -35    0  -29   -3    0   25  -18    3   -4   -7   -7  -12   30    0   40   47  -11  -29   30  -19   40    0  -39  -20  -22  -46   43    0   23   -5  -14  -32
   -1   -4    0  -30  -41   22   42   12    0  -15    2   42  -30   15    9  -10  -25    0  -30    0    0   -1  -16    0   50   36    0    0   13  -35   28  -46   41   22   48   23  -24    4    0  -16   23    0    0   -7   -9
  -47  -28  -34   42  -29   40   49  -17  -45   -5   -3  -37   39    0  -30    0   31   22   25    0  -17   11   11    0  -15  -48   12   24   47   22  -43    0   32   -5  -14    0   -4    1   33  -22   -5    0    0   -6    3
   16    0    0   49   -2    0    0    0  -49  -37    0   26   11   37    0   28  -34    0   17    0   25   24  -22   22   14    0    9  -47  -35  -23   10    0    7   -7    8    0    0   34    0   43  -14   -7   -6    0   44
   46  -29  -41    0    0  -35  -47   28  -42    0   41    0  -14  -39  -22    0   50    0   44   22  -20    0    4    6  -26  -32  -27   27  -39   42    0   18    0   29   32    0    1  -22   37  -41  -32   -9    3   44    0
