QBPP_HJ*_35_050_20_2
35 82 8
24 22 22 33 48 22 10 35 35 31 36 6 3 22 17 29 3 35 12 30 2 15 27 34 42 13 30 8 19 32 43 1 38 8 29
    0    0   16    0    0   -2   27   30    0    0  -25   19   42    0  -40    0    0    0   48    0    0   39   40    0    0    0    0    0    0  -20    0   35    0    0  -48
    0    0    0    0    0    0    0    4   27  -19    0    0  -44    0  -43   26    0    0   30    0    0   12  -35    0    0   14  -24    4  -23  -29   31    0    0    0    0
   16    0    0    0    0    0  -13  -39    0    0  -13  -44    0    0   28  -49   12    0    0    0    4  -50   36  -26    5    0  -23    8   19  -38    0   14   -2    0    0
    0    0    0    0    0  -38    0    0   45   25  -37    0    0    7   35  -29   27    0    6    0    0  -19  -11   33  -18  -37    0    0  -21   38    0    0  -27    0    0
    0    0    0    0    0  -17    0    0   25  -47   19  -16    0    0    0    0   13   28   24    0    0   38   -1    6    0    0    0   33    0    0    0    0    9   21    0
   -2    0    0  -38  -17    0  -16    0    0    4    0  -34    0    0    0   12    0    0   -8   13    0    0    8  -30    0   -3  -32    0    0   14  -36   12    0   50    0
   27    0  -13    0    0  -16    0    0   -2    0    0    0  -36    0  -12    0   11   23   -4  -47    0  -38    0    0    0  -33    0    0    0    7  -17    0   39    0    0
   30    4  -39    0    0    0    0    0   31    0    0    0   39   50    3  -37   50   21   41    0   -7    0    0    0    0  -24   22    0    7   12    0  -39   26    0   46
    0   27    0   45   25    0   -2   31    0  -24    0    0   30    0    0  -45    3    0  -22   47    0  -31   45   46  -44    0    0  -13    0  -45    0  -30  -25   -6  -28
    0  -19    0   25  -47    4    0    0  -24    0  -45    0   -5    0   42  -27  -14    0    0   -4    0    0    0    0  -29   14  -32    4   19  -23    7    0    0    0    0
  -25    0  -13  -37   19    0    0    0    0  -45    0   17    0    0  -24    0    0    0   47   15   15    0    0   38   14    0  -35    0  -41    0  -39    0  -31   42    0
   19    0  -44    0  -16  -34    0    0    0    0   17    0  -31   -3  -11    0  -33   47   32    0    0    0   -5   30   27   16   -6    0    0    0   19  -25   30    0    0
   42  -44    0    0    0    0  -36   39   30   -5    0  -31    0  -46   -3  -19    0   10    0    0   27  -33  -17    9    8    0   31    3   -3   47   23   26   40    0    0
    0    0    0    7    0    0    0   50    0    0    0   -3  -46    0  -42    0    0    0   19  -33  -46   14    0    0    0    0   26    0    0   17    0   50    0    0    3
  -40  -43   28   35    0    0  -12    3    0   42  -24  -11   -3  -42    0    0   50  -11    0  -24   -9    0   32  -11  -33   39  -43    0  -23    4  -31    0  -50    1  -11
    0   26  -49  -29    0   12    0  -37  -45  -27    0    0  -19    0    0    0    0  -32   16  -33    0  -45    0    0    0  -16    5  -19    0   17    0    0  -22  -32    0
    0    0   12   27   13    0   11   50    3  -14    0  -33    0    0   50    0    0   -7  -25   16    0    0    0    0    0    0   44    0   32    0  -47    0    0  -50    0
    0    0    0    0   28    0   23   21    0    0    0   47   10    0  -11  -32   -7    0   24    0    0    0   47   20    0    0   38    0    0    0    0    0   47    0  -37
   48   30    0    6   24   -8   -4   41  -22    0   47   32    0   19    0   16  -25   24    0    0    1    9    0    0   22   40    0    0   45  -15  -32  -44  -34  -10   47
    0    0    0    0    0   13  -47    0   47   -4   15    0    0  -33  -24  -33   16    0    0    0  -33    0    0    0    0    0  -27   12    9  -17  -29    0    0    0    0
    0    0    4    0    0    0    0   -7    0    0   15    0   27  -46   -9    0    0    0    1  -33    0  -49    0   33   15   -9    0  -24    0   -1   19    0   20  -38    0
   39   12  -50  -19   38    0  -38    0  -31    0    0    0  -33   14    0  -45    0    0    9    0  -49    0  -30    0   -3  -41   -1   17   13    5   23   41    0   13   -5
   40  -35   36  -11   -1    8    0    0   45    0    0   -5  -17    0   32    0    0   47    0    0    0  -30    0    0   26    0    0    0    1   36  -49    0    9   20    0
    0    0  -26   33    6  -30    0    0   46    0   38   30    9    0  -11    0    0   20    0    0   33    0    0    0   43    7    0    0    0  -43  -49    0    0   42    0
    0    0    5  -18    0    0    0    0  -44  -29   14   27    8    0  -33    0    0    0   22    0   15   -3   26   43    0    2    0   -2    0    2    0  -45   40   49   45
    0   14    0  -37    0   -3  -33  -24    0   14    0   16    0    0   39  -16    0    0   40    0   -9  -41    0    7    2    0   -3  -20    0    0   29    0   33  -32    0
    0  -24  -23    0    0  -32    0   22    0  -32  -35   -6   31   26  -43    5   44   38    0  -27    0   -1    0    0    0   -3    0   12   -1    0    0    0  -13    3  -28
    0    4    8    0   33    0    0    0  -13    4    0    0    3    0    0  -19    0    0    0   12  -24   17    0    0   -2  -20   12    0   -5   34  -17    0    0   47    0
    0  -23   19  -21    0    0    0    7    0   19  -41    0   -3    0  -23    0   32    0   45    9    0   13    1    0    0    0   -1   -5    0   24    0   -4   21    0    0
  -20  -29  -38   38    0   14    7   12  -45  -23    0    0   47   17    4   17    0    0  -15  -17   -1    5   36  -43    2    0    0   34   24    0  -42   -2    0   14  -34
    0   31    0    0    0  -36  -17    0    0    7  -39   19   23    0  -31    0  -47    0  -32  -29   19   23  -49  -49    0   29    0  -17    0  -42    0   -1   38    0  -15
   35    0   14    0    0   12    0  -39  -30    0    0  -25   26   50    0    0    0    0  -44    0    0   41    0    0  -45    0    0    0   -4   -2   -1    0  -40   25   -1
    0    0   -2  -27    9    0   39   26  -25    0  -31   30   40    0  -50  -22    0   47  -34    0   20    0    9    0   40   33  -13    0   21    0   38  -40    0    0   10
    0    0    0    0   21   50    0    0   -6    0   42    0    0    0    1  -32  -50    0  -10    0  -38   13   20   42   49  -32    3   47    0   14    0   25    0    0    0
  -48    0    0    0    0    0    0   46  -28    0    0    0    0    3  -11    0    0  -37   47    0    0   -5    0    0   45    0  -28    0    0  -34  -15   -1   10    0    0
