QBPP_HJ*_25_050_20_4
25 65 10
13 43 23 13 38 25 42 40 26 29 15 9 50 39 28 7 32 14 27 28 21 4 40 14 23
    0    0    0    0   19   12    0    0   -9  -42  -22   34    0   28  -42  -31    0   34    0    0   26   35   -9  -15  -24
    0    0    0   41    0  -26   17    0    0  -41   26  -37  -15    0   45    0    0  -28    0   45    0    0    0    0  -35
    0    0    0    0    0    0    0   15    0    0    0    0   33  -23    0    0  -37    3    0  -11    0    0   44   -4    0
    0   41    0    0   -6  -39   34   11   11    0    0   22    0    0  -13    0    0    0    0  -34  -44    0    0    0  -27
   19    0    0   -6    0    0    0    0    0    0    0  -21    0    0    0   32   -2  -45  -12   12    1  -38    0   39    0
   12  -26    0  -39    0    0   24  -30    0    0    0  -25  -50    0  -34    0    0  -20   22    0    0  -32  -47    0    0
    0   17    0   34    0   24    0   15    0  -14    0    0   24   46    0    0    5    0    0  -39    0    0    0    0   16
    0    0   15   11    0  -30   15    0   38    0    0  -33    0  -16    0  -32    0    0   38    0    0    0   46    0   -2
   -9    0    0   11    0    0    0   38    0    0   10    0    3    0    0    0    0    0    0  -47    0    0  -18  -36    0
  -42  -41    0    0    0    0  -14    0    0    0    0   36  -19    0    0   20    0    0  -32    7    0    0    0    0    0
  -22   26    0    0    0    0    0    0   10    0    0   21   45   27   46    9    0    0    0    0    0    7    0    0    0
   34  -37    0   22  -21  -25    0  -33    0   36   21    0    0    0    0    0    4    0   37    0    0   24    0   43  -42
    0  -15   33    0    0  -50   24    0    3  -19   45    0    0    0    0    0  -20    0   -6   49    0   24    0    0    0
   28    0  -23    0    0    0   46  -16    0    0   27    0    0    0    0    0   35    0    0   30   41    0   -5    3   -6
  -42   45    0  -13    0  -34    0    0    0    0   46    0    0    0    0    0  -35    0    1    0    0    0    0    0   37
  -31    0    0    0   32    0    0  -32    0   20    9    0    0    0    0    0  -50    0    0  -12   38   27    0  -49    0
    0    0  -37    0   -2    0    5    0    0    0    0    4  -20   35  -35  -50    0   -7   -1    1  -28   35   15   -3   24
   34  -28    3    0  -45  -20    0    0    0    0    0    0    0    0    0    0   -7    0   43    0  -33    0  -15  -18    0
    0    0    0    0  -12   22    0   38    0  -32    0   37   -6    0    1    0   -1   43    0    0   49    0  -20   -5    0
    0   45  -11  -34   12    0  -39    0  -47    7    0    0   49   30    0  -12    1    0    0    0    0   35    0  -31  -26
   26    0    0  -44    1    0    0    0    0    0    0    0    0   41    0   38  -28  -33   49    0    0    0   10  -39    0
   35    0    0    0  -38  -32    0    0    0    0    7   24   24    0    0   27   35    0    0   35    0    0    3   13  -26
   -9    0   44    0    0  -47    0   46  -18    0    0    0    0   -5    0    0   15  -15  -20    0   10    3    0   28  -18
  -15    0   -4    0   39    0    0    0  -36    0    0   43    0    3    0  -49   -3  -18   -5  -31  -39   13   28    0    0
  -24  -35    0  -27    0    0   16   -2    0    0    0  -42    0   -6   37    0   24    0    0  -26    0  -26  -18    0    0
