QBPP_HJ+_40_075_06_3
40 385 189
44 46 26 27 25 43 25 41 31 9 7 24 37 15 15 24 31 47 10 24 47 44 14 3 45 37 25 39 3 35 10 34 46 50 29 35 20 22 41 25
    0    0    0    0    0    0   99   55    0   14   47    0    0   54   82    0    0    0   65   97   11    0    1   41    0   20   18   29   64   46   77   62   32   86   37    2   54   35   90    0
    0    0   89   26    0    0   61   51   65   62   77   51   56   26    0   69   26   93    0   68    0   50    3   68   31   72   54   81   98   13   88    0   99    0   46   51    0   89   51   42
    0   89    0    0   46    0   78   84    0    0   94   65   48    0   89    0   86   34   27   13   37   20   78   45   38    0    0    7    0   33    0   55   59    5    0   15   95   41    0   77
    0   26    0    0   24    0   97    0   99    1    0   47   66   72   56   73   42   68    0   50   59    0   80    0   89    0    0   65   87   70   81   71   96   27   90    0   83   96   72   93
    0    0   46   24    0  100   55   30   81   30   88   86   37   74   94   37    0   47   56   21   60   69   18  100    0   98   75   22   82   20    6   15  100   68   73   91    0   69    0   12
    0    0    0    0  100    0   59   55   23    0   51    0   16   35   86   40   11    0   13    0   17   44    5   26    7   47    0    0   88   95    0   48   77   49   18   28    8    4   29   85
   99   61   78   97   55   59    0   62   41    0   92    0   91   79   56   69    0    5   90   78   67    0    0    6    0    0   33    0   48    0   85   21   17   27    0   10    2   13   13   54
   55   51   84    0   30   55   62    0   89    8   24   69    0   40   11   40   38   47   87    0    0   49   11    0   66    0    0   29    0    0    3    0   53    0   55   91   45    0   36   87
    0   65    0   99   81   23   41   89    0   72   82    3   21    0    0   25   94   76    0    0   17   11    0    5   87    0   19   69    3   76   19   98    0   96    0    8    5   90   62    0
   14   62    0    1   30    0    0    8   72    0   23    0   17   80   86   74  100    0    0   46   60   89    0    0   25   16    0    0   10   17   32    0   26    0   75   69   85   74    0   67
   47   77   94    0   88   51   92   24   82   23    0   38   86   15   76   60   71   34    0   53   13   42    0   58    4    0   45    0    0   25    4   11    0   67   92   82   15   88    0    8
    0   51   65   47   86    0    0   69    3    0   38    0   63    7   72   21   29   78    0    0   91   31   42   22   36   35   72   53    0    0   13    0    0   75   28   12    0    7   74    0
    0   56   48   66   37   16   91    0   21   17   86   63    0   97    0    0   42   92    0    0   34    0   29   94   71   90   36    0   24   19   35   58   88   89   65    0   86  100    2   71
   54   26    0   72   74   35   79   40    0   80   15    7   97    0   58    2    0   91   65    0    0   53    0   76   14   23    0   12   43   97   29    0   21    0   54   37   16   15   28   48
   82    0   89   56   94   86   56   11    0   86   76   72    0   58    0   19   69   60   75   60    0   62   42   61   37   48   13    0    2   32    0   83   83   94   64   13   50   84    0    0
    0   69    0   73   37   40   69   40   25   74   60   21    0    2   19    0   64   60   85   78    0   12   75   85    0    6    1   67   83    0   12    0   18   43    0    0   44   29   82    0
    0   26   86   42    0   11    0   38   94  100   71   29   42    0   69   64    0   71   88   69    0    4   74   21   68   58   26    0    0   44    2    0   10   79   66    0   31   56   67   29
    0   93   34   68   47    0    5   47   76    0   34   78   92   91   60   60   71    0   84   40   16   47   29   97   31    0   20   60    0   24   96   70   19   83   56   45   52   92   47   73
   65    0   27    0   56   13   90   87    0    0    0    0    0   65   75   85   88   84    0    0    7   55   48   77    0    0   77   36   19   15    6    0   53    0   25   44   25   80   67   29
   97   68   13   50   21    0   78    0    0   46   53    0    0    0   60   78   69   40    0    0   39   19   92   33   82    0  100   43   64   27    0    0    3   67    0   49   93   65   79   84
   11    0   37   59   60   17   67    0   17   60   13   91   34    0    0    0    0   16    7   39    0   66   47    0   98   54   86    0   58   93    0   69    0   61   35    2    1   78   61   62
    0   50   20    0   69   44    0   49   11   89   42   31    0   53   62   12    4   47   55   19   66    0   37   71   27    2    0   69   35   54   73   71   35    0   26   53    0  100   18    0
    1    3   78   80   18    5    0   11    0    0    0   42   29    0   42   75   74   29   48   92   47   37    0   46   78   33   44    0    0    0   52    0   68   14   24    0   55   61   15    0
   41   68   45    0  100   26    6    0    5    0   58   22   94   76   61   85   21   97   77   33    0   71   46    0   10   15   13   77   11   77   41    0   72    0   79   84   11    0   41   61
    0   31   38   89    0    7    0   66   87   25    4   36   71   14   37    0   68   31    0   82   98   27   78   10    0   17   21    2   77   42   69    0   16    5   20   10    0   90   74   19
   20   72    0    0   98   47    0    0    0   16    0   35   90   23   48    6   58    0    0    0   54    2   33   15   17    0   82    9   20   44   86    2    0    0   53    9    0   12   97    0
   18   54    0    0   75    0   33    0   19    0   45   72   36    0   13    1   26   20   77  100   86    0   44   13   21   82    0   91   74   22   77   87   65    0   85    0   76   26    0   41
   29   81    7   65   22    0    0   29   69    0    0   53    0   12    0   67    0   60   36   43    0   69    0   77    2    9   91    0   72    0   88   86   49    0   70   72   65   35   40    0
   64   98    0   87   82   88   48    0    3   10    0    0   24   43    2   83    0    0   19   64   58   35    0   11   77   20   74   72    0   76   87   55   30   44   29    3    6   17   97    3
   46   13   33   70   20   95    0    0   76   17   25    0   19   97   32    0   44   24   15   27   93   54    0   77   42   44   22    0   76    0    0   79   82    3   41   10   59   45   40   85
   77   88    0   81    6    0   85    3   19   32    4   13   35   29    0   12    2   96    6    0    0   73   52   41   69   86   77   88   87    0    0    0   99   95   30   35    0   33    0   80
   62    0   55   71   15   48   21    0   98    0   11    0   58    0   83    0    0   70    0    0   69   71    0    0    0    2   87   86   55   79    0    0   81   97   55   88   21    4    2    0
   32   99   59   96  100   77   17   53    0   26    0    0   88   21   83   18   10   19   53    3    0   35   68   72   16    0   65   49   30   82   99   81    0   76    8   50   22    0   85   87
   86    0    5   27   68   49   27    0   96    0   67   75   89    0   94   43   79   83    0   67   61    0   14    0    5    0    0    0   44    3   95   97   76    0   97   59    0   60   90   93
   37   46    0   90   73   18    0   55    0   75   92   28   65   54   64    0   66   56   25    0   35   26   24   79   20   53   85   70   29   41   30   55    8   97    0   61   39    9    0   77
    2   51   15    0   91   28   10   91    8   69   82   12    0   37   13    0    0   45   44   49    2   53    0   84   10    9    0   72    3   10   35   88   50   59   61    0   77   24    0   75
   54    0   95   83    0    8    2   45    5   85   15    0   86   16   50   44   31   52   25   93    1    0   55   11    0    0   76   65    6   59    0   21   22    0   39   77    0    0   57    0
   35   89   41   96   69    4   13    0   90   74   88    7  100   15   84   29   56   92   80   65   78  100   61    0   90   12   26   35   17   45   33    4    0   60    9   24    0    0   75   14
   90   51    0   72    0   29   13   36   62    0    0   74    2   28    0   82   67   47   67   79   61   18   15   41   74   97    0   40   97   40    0    2   85   90    0    0   57   75    0   38
    0   42   77   93   12   85   54   87    0   67    8    0   71   48    0    0   29   73   29   84   62    0    0   61   19    0   41    0    3   85   80    0   87   93   77   75    0   14   38    0
