QBPP_HJ*_40_075_06_3
40 375 1
6 7 44 9 33 41 32 24 33 49 8 20 49 16 27 43 39 38 21 37 29 3 17 1 19 37 37 39 34 31 49 15 44 19 20 22 32 49 25 27
    0   30   34    0    0   34  -38    0  -29    0  -31    0   11   35  -42    0  -35  -12    0   31   42    0  -43  -30  -12    4   -4    4    0  -42    0    0   27   46  -50  -22   50  -25   -1    0
   30    0    0  -44    0  -24   35    0   -8    0   22  -33  -29    0   49   34  -40  -50   46   29    0    0    0   -3  -45  -44    1  -40   32   -8   -7    5    0    0  -43   33  -43    0   24  -48
   34    0    0   30    0   -8  -15   30   27   14   22   17    5    0    0  -26   30    0  -26   30   21    0   46    0  -45   47    0  -42   21  -11   -7  -26    0  -32   -8  -28  -18  -44   49  -34
    0  -44   30    0  -27    0    8  -20   27   -9  -42    0   -6  -39    0    0   37  -43  -21   23  -15    0    0   25    0  -19   13   34   26    0    0   41  -46  -43   27   29    0    0   47    2
    0    0    0  -27    0   16    0   13    6  -44  -48    0  -17    3    0  -11  -50  -47  -43    9    8    0    0  -39  -21    0   14   18    5    0    0  -40   35  -17  -44   29  -18  -43   27   10
   34  -24   -8    0   16    0   34   50   24    0   31   40    8    0    0    0    0  -33    0   -3    0    1    0    4    0  -22    6    0  -10   25    0  -42    0    0    0   32    0  -46    0   11
  -38   35  -15    8    0   34    0   -3  -21   -2   44  -40    0   17   22    0  -17  -14    0   43    1   49   35   33  -45    0  -16   -6   12   23  -13    0    0    0  -23   -5   49  -14  -45   23
    0    0   30  -20   13   50   -3    0    0    0    0    0    4    0   34  -14    0  -29    0    0   -6  -40    2    6   22    2  -48    0   11  -30  -47  -11  -31    0   49    0    0   26  -22    0
  -29   -8   27   27    6   24  -21    0    0  -41   -7  -13    0    0    0    0    0    0   27  -27  -45  -15   16    0    5    0  -34    2  -48   14  -18    2    5   -1    0   13   24  -13   21    9
    0    0   14   -9  -44    0   -2    0  -41    0   45  -32   -8    0  -34  -33  -10  -33    0    0   33   -4   41  -15  -46  -46  -32    0   29    0    9   40   13   22  -21   12  -43  -39   -8    0
  -31   22   22  -42  -48   31   44    0   -7   45    0   -2   -7    0  -31   -5    0  -35  -15   37  -21    0  -43  -10    0    0   -3  -17  -49   20   -1    0  -21    6   14   35   -7  -38   45  -34
    0  -33   17    0    0   40  -40    0  -13  -32   -2    0    0    0    0  -14   39  -32   24   45    0    0   36  -25   35  -45  -39    0    0  -27   -2   48  -19   20    0    6   -3   28  -10   39
   11  -29    5   -6  -17    8    0    4    0   -8   -7    0    0  -46   12   28   34   42  -34   16   33   17  -48  -16   16    0    4   17  -16   41    0  -46  -46   33  -26    0   45    0  -23  -42
   35    0    0  -39    3    0   17    0    0    0    0    0  -46    0   33   -2   50    8    0  -12  -21  -28  -18   -1   10    0   23    0    2   12  -37   42    0  -43   -5   -6    6   -1   37    6
  -42   49    0    0    0    0   22   34    0  -34  -31    0   12   33    0   15    2  -34  -42  -38   46   47    8    0   29   48   39    0   -8    4    9    0  -32   12   47   25   26   24   12    0
    0   34  -26    0  -11    0    0  -14    0  -33   -5  -14   28   -2   15    0    0    0   22   29  -39   -8  -32   -3   -2  -50    0  -49   -5    0    0  -42   46   41   23  -12    0   22    0    0
  -35  -40   30   37  -50    0  -17    0    0  -10    0   39   34   50    2    0    0  -28  -48   -6   -7   27  -13    0    0   34  -11  -17    9    0  -45  -18    0   48  -41  -36    0    9   41   15
  -12  -50    0  -43  -47  -33  -14  -29    0  -33  -35  -32   42    8  -34    0  -28    0   31  -32  -28   46   -1  -26   17    0  -37   38   31   31  -21    0    0    0    0  -33   17    0   43   -5
    0   46  -26  -21  -43    0    0    0   27    0  -15   24  -34    0  -42   22  -48   31    0  -47  -50    5   29    0  -32  -46   32    0   40    0   30   32    0   40   47    7   23    0   31    0
   31   29   30   23    9   -3   43    0  -27    0   37   45   16  -12  -38   29   -6  -32  -47    0   22  -11   45   31    6    0   23  -41  -40  -28   41    0  -47    0   10  -22   36   -3   41  -50
   42    0   21  -15    8    0    1   -6  -45   33  -21    0   33  -21   46  -39   -7  -28  -50   22    0  -22   -5  -33  -48   42    0  -17  -19  -27  -25   28    0   38  -33    6   -4   17   27   31
    0    0    0    0    0    1   49  -40  -15   -4    0    0   17  -28   47   -8   27   46    5  -11  -22    0   33  -19   36   15   42   43   29    0    0   33    0  -32   28   -2   -8   29    0  -34
  -43    0   46    0    0    0   35    2   16   41  -43   36  -48  -18    8  -32  -13   -1   29   45   -5   33    0   18   32    0    0  -26  -18    1   19    0    9   32  -34    1   29   10    0  -22
  -30   -3    0   25  -39    4   33    6    0  -15  -10  -25  -16   -1    0   -3    0  -26    0   31  -33  -19   18    0  -49   -9   40   32  -26    0  -41   21    0   24   47   10    0    0   48    0
  -12  -45  -45    0  -21    0  -45   22    5  -46    0   35   16   10   29   -2    0   17  -32    6  -48   36   32  -49    0    0    0   30   -1   31    0    0  -11  -41   33    0  -17   -2  -25   14
    4  -44   47  -19    0  -22    0    2    0  -46    0  -45    0    0   48  -50   34    0  -46    0   42   15    0   -9    0    0   35  -23    0    8   -5    0  -47  -46   18   48   34   46   -2    0
   -4    1    0   13   14    6  -16  -48  -34  -32   -3  -39    4   23   39    0  -11  -37   32   23    0   42    0   40    0   35    0    3  -36   26   30  -36   -1   39    0   -7   31   40    0    0
    4  -40  -42   34   18    0   -6    0    2    0  -17    0   17    0    0  -49  -17   38    0  -41  -17   43  -26   32   30  -23    3    0  -45  -42    0   28   36  -49    4  -15    0  -11    0  -37
    0   32   21   26    5  -10   12   11  -48   29  -49    0  -16    2   -8   -5    9   31   40  -40  -19   29  -18  -26   -1    0  -36  -45    0    0  -33   10  -37    0  -25   -5    0    0    0   33
  -42   -8  -11    0    0   25   23  -30   14    0   20  -27   41   12    4    0    0   31    0  -28  -27    0    1    0   31    8   26  -42    0    0   46   30   40    0  -21   22   26   40   35    0
    0   -7   -7    0    0    0  -13  -47  -18    9   -1   -2    0  -37    9    0  -45  -21   30   41  -25    0   19  -41    0   -5   30    0  -33   46    0    1   13   -3   18    0  -36    4    0    0
    0    5  -26   41  -40  -42    0  -11    2   40    0   48  -46   42    0  -42  -18    0   32    0   28   33    0   21    0    0  -36   28   10   30    1    0  -50   21   14  -49   -7   20   44    0
   27    0    0  -46   35    0    0  -31    5   13  -21  -19  -46    0  -32   46    0    0    0  -47    0    0    9    0  -11  -47   -1   36  -37   40   13  -50    0    0  -30    0    7    0    0    0
   46    0  -32  -43  -17    0    0    0   -1   22    6   20   33  -43   12   41   48    0   40    0   38  -32   32   24  -41  -46   39  -49    0    0   -3   21    0    0   13  -23    0    0   -5  -21
  -50  -43   -8   27  -44    0  -23   49    0  -21   14    0  -26   -5   47   23  -41    0   47   10  -33   28  -34   47   33   18    0    4  -25  -21   18   14  -30   13    0    0   17    8   50   36
  -22   33  -28   29   29   32   -5    0   13   12   35    6    0   -6   25  -12  -36  -33    7  -22    6   -2    1   10    0   48   -7  -15   -5   22    0  -49    0  -23    0    0    0    5    0   -7
   50  -43  -18    0  -18    0   49    0   24  -43   -7   -3   45    6   26    0    0   17   23   36   -4   -8   29    0  -17   34   31    0    0   26  -36   -7    7    0   17    0    0    0    0   12
  -25    0  -44    0  -43  -46  -14   26  -13  -39  -38   28    0   -1   24   22    9    0    0   -3   17   29   10    0   -2   46   40  -11    0   40    4   20    0    0    8    5    0    0   18    0
   -1   24   49   47   27    0  -45  -22   21   -8   45  -10  -23   37   12    0   41   43   31   41   27    0    0   48  -25   -2    0    0    0   35    0   44    0   -5   50    0    0   18    0  -18
    0  -48  -34    2   10   11   23    0    9    0  -34   39  -42    6    0    0   15   -5    0  -50   31  -34  -22    0   14    0    0  -37   33    0    0    0    0  -21   36   -7   12    0  -18    0
