QBPP_HJ-_45_075_10_2
45 233 891
33 8 4 7 5 28 31 30 7 38 48 45 12 13 46 37 36 2 20 23 5 39 50 30 12 2 36 49 43 32 50 49 13 34 42 39 41 5 6 8 26 21 2 9 47
     0   -69     0   -21     0   -22   -47   -99   -63   -86   -91   -35   -89   -79   -20   -25   -94     0   -21   -21   -39     0   -95   -70   -60   -27   -19   -15   -86   -96     0    -6   -65   -49   -35   -95   -49   -90     0   -38   -24   -91     0   -50   -19
   -69     0   -56     0     0     0   -84   -83   -98  -100     0   -50     0   -93   -18   -39   -63   -51   -22    -9   -29   -17   -68   -55   -36   -97     0   -77    -5   -66     0   -23   -13   -18   -86   -14   -96   -52   -98   -57   -74   -95   -38   -98    -1
     0   -56     0    -7   -93     0     0    -6   -36     0   -96   -63   -66   -31     0   -31     0    -3     0   -40   -25    -7   -92   -68   -94   -69   -30   -20   -27   -94     0   -54    -5   -26   -94     0   -75   -77   -14     0   -43   -74   -85     0     0
   -21     0    -7     0    -6   -17   -36     0   -45   -51     0   -99     0   -38   -65     0   -31   -35   -38   -82   -48     0   -71   -64   -74     0   -78   -59   -92   -73   -48     0   -99   -68   -20     0   -74    -3   -92   -59   -93   -50   -21     0   -34
     0     0   -93    -6     0     0   -14   -95     0   -75   -99   -39   -44   -82     0   -88   -20     0   -88   -30   -32   -99     0   -77   -64     0   -96   -31   -64     0   -19    -1   -17   -23   -76     0     0   -48   -23   -40    -4   -87     0   -94   -40
   -22     0     0   -17     0     0   -23   -34     0     0   -61    -9   -55    -7   -96     0   -63   -93   -53   -35   -35     0    -5     0     0   -25   -66   -30   -58   -84   -89   -42   -10    -5   -51   -69   -66   -59   -27     0   -85   -54   -24   -42   -73
   -47   -84     0   -36   -14   -23     0   -89   -53   -17   -45     0     0   -57   -67    -1    -1   -84   -71   -61   -13   -52   -17    -3   -58   -67     0   -71     0   -31   -43     0   -93   -67   -57   -67   -43   -94   -16   -46   -30   -30     0   -91     0
   -99   -83    -6     0   -95   -34   -89     0   -68   -96   -11   -94   -13   -89   -13   -84     0   -81   -70   -40   -19     0   -59   -39   -55   -21   -16   -26   -35   -75     0   -16   -86   -92     0   -39   -80     0   -93     0   -85     0   -92   -44   -50
   -63   -98   -36   -45     0     0   -53   -68     0   -47    -2   -28   -87   -62   -44    -9     0    -2     0   -64   -93   -37   -45   -98   -82   -71     0   -84   -85   -30   -92   -23   -16     0   -81   -74     0     0   -24   -71     0   -11   -22   -45   -94
   -86  -100     0   -51   -75     0   -17   -96   -47     0   -18   -26   -77   -96   -24     0    -4   -35   -23   -90   -59   -19   -87   -47   -83     0   -81    -9   -38     0   -22     0   -22   -75     0   -67     0   -82   -70   -55    -3    -8   -84   -42   -19
   -91     0   -96     0   -99   -61   -45   -11    -2   -18     0     0   -70   -20    -8   -53   -96   -77    -6     0   -87   -15     0     0   -73   -11     0   -30   -86   -28     0   -78    -3     0   -41   -66     0   -93   -90   -72     0   -40   -64   -76   -30
   -35   -50   -63   -99   -39    -9     0   -94   -28   -26     0     0   -73     0     0   -42   -18   -48     0   -78   -77   -39   -81   -74     0   -54   -28   -23   -87   -15   -73     0     0   -48     0   -23   -60   -96     0   -39     0   -70   -74     0     0
   -89     0   -66     0   -44   -55     0   -13   -87   -77   -70   -73     0   -59   -88     0   -10   -78   -48     0   -94   -94   -46   -25   -55     0     0    -5   -73   -45   -13   -28   -74     0   -32     0   -60   -84     0    -4     0   -11   -12   -12   -71
   -79   -93   -31   -38   -82    -7   -57   -89   -62   -96   -20     0   -59     0     0    -4     0   -86     0     0   -49   -39     0   -13   -99   -22   -50   -49   -83     0   -21   -63   -21   -57   -35   -59   -27   -13   -67   -73   -71   -25   -94    -3   -52
   -20   -18     0   -65     0   -96   -67   -13   -44   -24    -8     0   -88     0     0     0     0   -71     0     0   -77   -52   -51   -57   -66   -60   -21   -95   -35   -21   -51   -17   -85   -59   -46     0   -84     0   -50   -73     0    -8   -11   -67     0
   -25   -39   -31     0   -88     0    -1   -84    -9     0   -53   -42     0    -4     0     0   -53   -96    -4    -6     0     0     0   -57   -14   -99   -87   -74   -84   -50     0   -87   -84   -19   -31   -70   -87     0   -22     0    -1   -69   -95   -83   -73
   -94   -63     0   -31   -20   -63    -1     0     0    -4   -96   -18   -10     0     0   -53     0     0   -96   -37     0   -50   -80   -63   -89   -57   -21   -55   -40   -87   -44    -1   -15     0   -20   -23   -75   -56     0    -6     0     0     0   -89     0
     0   -51    -3   -35     0   -93   -84   -81    -2   -35   -77   -48   -78   -86   -71   -96     0     0   -49     0   -39   -48     0     0   -50    -9   -89    -3   -48   -47     0   -85   -78   -77   -34   -88   -38   -93   -57   -95     0   -53   -87   -64   -13
   -21   -22     0   -38   -88   -53   -71   -70     0   -23    -6     0   -48     0     0    -4   -96   -49     0   -88    -9     0   -79   -85   -52    -3     0   -28    -9   -79  -100   -64     0   -59     0     0     0     0     0   -55   -78   -13   -96   -63     0
   -21    -9   -40   -82   -30   -35   -61   -40   -64   -90     0   -78     0     0     0    -6   -37     0   -88     0   -11   -78   -85   -25    -8   -69     0   -60   -45   -39   -69   -41   -84   -48   -19   -62   -41   -35   -55   -54   -77   -86     0   -74   -51
   -39   -29   -25   -48   -32   -35   -13   -19   -93   -59   -87   -77   -94   -49   -77     0     0   -39    -9   -11     0   -61   -58     0     0   -35     0   -46     0   -15     0   -19     0   -53     0   -81   -71     0     0     0   -28    -9    -8     0   -16
     0   -17    -7     0   -99     0   -52     0   -37   -19   -15   -39   -94   -39   -52     0   -50   -48     0   -78   -61     0    -5   -59   -13   -47   -98     0   -53   -50     0   -67   -23   -78   -63    -1   -46   -97   -43     0   -98     0   -57   -97     0
   -95   -68   -92   -71     0    -5   -17   -59   -45   -87     0   -81   -46     0   -51     0   -80     0   -79   -85   -58    -5     0   -73   -35   -74   -60   -21   -81   -73     0   -75   -67     0     0     0     0   -56     0     0   -67  -100   -64     0     0
   -70   -55   -68   -64   -77     0    -3   -39   -98   -47     0   -74   -25   -13   -57   -57   -63     0   -85   -25     0   -59   -73     0   -93    -2   -69   -81   -40   -16   -52   -22     0   -28     0   -77   -34   -12    -3   -50   -69   -59   -64   -42   -35
   -60   -36   -94   -74   -64     0   -58   -55   -82   -83   -73     0   -55   -99   -66   -14   -89   -50   -52    -8     0   -13   -35   -93     0   -79     0   -16   -86     0     0   -41   -70   -93   -66     0     0   -55   -60   -34   -91   -84   -73   -84   -99
   -27   -97   -69     0     0   -25   -67   -21   -71     0   -11   -54     0   -22   -60   -99   -57    -9    -3   -69   -35   -47   -74    -2   -79     0   -48     0   -84   -71   -55   -82   -17     0   -12     0   -30   -79   -73   -39     0     0   -35   -79     0
   -19     0   -30   -78   -96   -66     0   -16     0   -81     0   -28     0   -50   -21   -87   -21   -89     0     0     0   -98   -60   -69     0   -48     0   -13   -95   -40   -82     0   -31   -74   -13   -67   -41   -23   -13     0    -8   -73   -34    -8   -87
   -15   -77   -20   -59   -31   -30   -71   -26   -84    -9   -30   -23    -5   -49   -95   -74   -55    -3   -28   -60   -46     0   -21   -81   -16     0   -13     0   -72   -83   -69   -79   -51   -84    -6   -35   -34    -5   -38   -27   -52   -80   -38   -16   -11
   -86    -5   -27   -92   -64   -58     0   -35   -85   -38   -86   -87   -73   -83   -35   -84   -40   -48    -9   -45     0   -53   -81   -40   -86   -84   -95   -72     0     0   -21   -48   -75   -10   -25   -64     0   -28    -6     0    -6     0   -12   -91   -80
   -96   -66   -94   -73     0   -84   -31   -75   -30     0   -28   -15   -45     0   -21   -50   -87   -47   -79   -39   -15   -50   -73   -16     0   -71   -40   -83     0     0     0   -30     0   -57   -93   -88   -28   -23   -32   -92  -100   -76   -21     0   -97
     0     0     0   -48   -19   -89   -43     0   -92   -22     0   -73   -13   -21   -51     0   -44     0  -100   -69     0     0     0   -52     0   -55   -82   -69   -21     0     0   -75     0   -58   -92     0   -77   -28   -55   -23   -13     0     0   -40   -64
    -6   -23   -54     0    -1   -42     0   -16   -23     0   -78     0   -28   -63   -17   -87    -1   -85   -64   -41   -19   -67   -75   -22   -41   -82     0   -79   -48   -30   -75     0     0   -80   -26   -62     0   -66   -53   -10   -27    -5     0   -42   -83
   -65   -13    -5   -99   -17   -10   -93   -86   -16   -22    -3     0   -74   -21   -85   -84   -15   -78     0   -84     0   -23   -67     0   -70   -17   -31   -51   -75     0     0     0     0   -13     0     0   -19     0     0   -94   -14   -32   -46   -92     0
   -49   -18   -26   -68   -23    -5   -67   -92     0   -75     0   -48     0   -57   -59   -19     0   -77   -59   -48   -53   -78     0   -28   -93     0   -74   -84   -10   -57   -58   -80   -13     0    -4   -44   -86   -27   -48     0   -61   -91   -39   -25   -87
   -35   -86   -94   -20   -76   -51   -57     0   -81     0   -41     0   -32   -35   -46   -31   -20   -34     0   -19     0   -63     0     0   -66   -12   -13    -6   -25   -93   -92   -26     0    -4     0   -84     0   -41     0   -19   -41     0    -8   -58   -40
   -95   -14     0     0     0   -69   -67   -39   -74   -67   -66   -23     0   -59     0   -70   -23   -88     0   -62   -81    -1     0   -77     0     0   -67   -35   -64   -88     0   -62     0   -44   -84     0   -70   -78   -56   -49   -32     0   -77     0   -96
   -49   -96   -75   -74     0   -66   -43   -80     0     0     0   -60   -60   -27   -84   -87   -75   -38     0   -41   -71   -46     0   -34     0   -30   -41   -34     0   -28   -77     0   -19   -86     0   -70     0     0  -100   -74   -54   -73   -63   -35   -90
   -90   -52   -77    -3   -48   -59   -94     0     0   -82   -93   -96   -84   -13     0     0   -56   -93     0   -35     0   -97   -56   -12   -55   -79   -23    -5   -28   -23   -28   -66     0   -27   -41   -78     0     0   -49     0  -100   -56   -18   -43   -24
     0   -98   -14   -92   -23   -27   -16   -93   -24   -70   -90     0     0   -67   -50   -22     0   -57     0   -55     0   -43     0    -3   -60   -73   -13   -38    -6   -32   -55   -53     0   -48     0   -56  -100   -49     0   -28   -60   -89     0   -44   -76
   -38   -57     0   -59   -40     0   -46     0   -71   -55   -72   -39    -4   -73   -73     0    -6   -95   -55   -54     0     0     0   -50   -34   -39     0   -27     0   -92   -23   -10   -94     0   -19   -49   -74     0   -28     0    -7   -57     0     0   -27
   -24   -74   -43   -93    -4   -85   -30   -85     0    -3     0     0     0   -71     0    -1     0     0   -78   -77   -28   -98   -67   -69   -91     0    -8   -52    -6  -100   -13   -27   -14   -61   -41   -32   -54  -100   -60    -7     0   -89   -86    -2   -48
   -91   -95   -74   -50   -87   -54   -30     0   -11    -8   -40   -70   -11   -25    -8   -69     0   -53   -13   -86    -9     0  -100   -59   -84     0   -73   -80     0   -76     0    -5   -32   -91     0     0   -73   -56   -89   -57   -89     0   -60   -91   -29
     0   -38   -85   -21     0   -24     0   -92   -22   -84   -64   -74   -12   -94   -11   -95     0   -87   -96     0    -8   -57   -64   -64   -73   -35   -34   -38   -12   -21     0     0   -46   -39    -8   -77   -63   -18     0     0   -86   -60     0   -34     0
   -50   -98     0     0   -94   -42   -91   -44   -45   -42   -76     0   -12    -3   -67   -83   -89   -64   -63   -74     0   -97     0   -42   -84   -79    -8   -16   -91     0   -40   -42   -92   -25   -58     0   -35   -43   -44     0    -2   -91   -34     0   -19
   -19    -1     0   -34   -40   -73     0   -50   -94   -19   -30     0   -71   -52     0   -73     0   -13     0   -51   -16     0     0   -35   -99     0   -87   -11   -80   -97   -64   -83     0   -87   -40   -96   -90   -24   -76   -27   -48   -29     0   -19     0
