QBPP_HJ*_30_050_06_1
30 240 8
45 5 25 18 24 19 46 2 34 37 10 50 18 47 41 3 20 14 9 3 32 25 29 12 37 40 34 1 38 1
    0    0    0    0    0    0    0    0    0   41   48   25    0    0  -27    0  -27    0  -26    0   23    0    6    0    7   47  -31  -29    0    0
    0    0    0  -44  -33    0    0    0   -5    0   26  -30   27  -43  -38   17    0    0    0  -49  -22   31  -10    0    4    0    7    0    0    0
    0    0    0    0    5   50    1    0    0  -33    0    0   -2  -16   47    0   -3    4   29   18    0   45    0   32    1  -16   11   -3   44    0
    0  -44    0    0    0    0    0  -41   10   42    0   46    0   39   45  -21   50    0    0    7    8  -41  -42   -5   28    0  -31    0    0    0
    0  -33    5    0    0   -6    0    0   20    0  -13    0   23   -3  -34    7  -33    0   17    0   35    0    0  -27  -12   -9    0   47    4    0
    0    0   50    0   -6    0  -18    0    0    0   37    0   32    0    0    2    0    0    0    0    0    0  -36  -11    0    0   26    0  -38   23
    0    0    1    0    0  -18    0   39    0    0    0   -8  -15  -44    0    0    0    0    0    0    0    0    0    0    0    0   35    0   11    0
    0    0    0  -41    0    0   39    0   -4   43    0  -31    0    0    0  -37   17    1   36    0   30    0   11   18    0  -32   33    0    0    0
    0   -5    0   10   20    0    0   -4    0    0   38   -7   11    0   19   -4    0    0   13  -28   12    0    0    0  -25    0    0   24    0    8
   41    0  -33   42    0    0    0   43    0    0    0    0    0   23  -33    0   -2  -24   -8  -10    0  -39    0  -18    0    0   39    0  -42  -36
   48   26    0    0  -13   37    0    0   38    0    0    0    0   10  -33   -9    0   42    0    0    0  -49    0    0    0   -2    0  -10    0   49
   25  -30    0   46    0    0   -8  -31   -7    0    0    0    0  -33    0  -36   -5    0    8    0    0   50   43    7    0   14   13   35   32   12
    0   27   -2    0   23   32  -15    0   11    0    0    0    0    9   27    0    0    6   49    5   34   12  -31    7    0  -42   15    0   13    0
    0  -43  -16   39   -3    0  -44    0    0   23   10  -33    9    0  -49    0   24   22   -2   12    0    0    0    0  -49   11   20   44    0   22
  -27  -38   47   45  -34    0    0    0   19  -33  -33    0   27  -49    0    0    0    0    0   47  -24    0    0  -39    0   13  -48   48    0    0
    0   17    0  -21    7    2    0  -37   -4    0   -9  -36    0    0    0    0    0    0    0  -50    0    0    0    1   32    0  -21   32   49    0
  -27    0   -3   50  -33    0    0   17    0   -2    0   -5    0   24    0    0    0    0  -10    0    0    0    0   49   44   29    4    0   35    0
    0    0    4    0    0    0    0    1    0  -24   42    0    6   22    0    0    0    0   39   -9   41    0    0    0   25    6    0  -31  -40   31
  -26    0   29    0   17    0    0   36   13   -8    0    8   49   -2    0    0  -10   39    0    0    0    0   -8    0    0    0    0    0   18    0
    0  -49   18    7    0    0    0    0  -28  -10    0    0    5   12   47  -50    0   -9    0    0    0    0    0    2    0   19    0    0  -28   44
   23  -22    0    8   35    0    0   30   12    0    0    0   34    0  -24    0    0   41    0    0    0    0  -22    0    0    0    0    0  -22    0
    0   31   45  -41    0    0    0    0    0  -39  -49   50   12    0    0    0    0    0    0    0    0    0    0  -23  -22    0   26    0    0    0
    6  -10    0  -42    0  -36    0   11    0    0    0   43  -31    0    0    0    0    0   -8    0  -22    0    0    0  -29  -44    0    0  -35    0
    0    0   32   -5  -27  -11    0   18    0  -18    0    7    7    0  -39    1   49    0    0    2    0  -23    0    0    0    3    0  -30   11    0
    7    4    1   28  -12    0    0    0  -25    0    0    0    0  -49    0   32   44   25    0    0    0  -22  -29    0    0    1    6    0    0   10
   47    0  -16    0   -9    0    0  -32    0    0   -2   14  -42   11   13    0   29    6    0   19    0    0  -44    3    1    0    0   31    0    0
  -31    7   11  -31    0   26   35   33    0   39    0   13   15   20  -48  -21    4    0    0    0    0   26    0    0    6    0    0    0  -45   -8
  -29    0   -3    0   47    0    0    0   24    0  -10   35    0   44   48   32    0  -31    0    0    0    0    0  -30    0   31    0    0   20  -17
    0    0   44    0    4  -38   11    0    0  -42    0   32   13    0    0   49   35  -40   18  -28  -22    0  -35   11    0    0  -45   20    0    0
    0    0    0    0    0   23    0    0    8  -36   49   12    0   22    0    0    0   31    0   44    0    0    0    0   10    0   -8  -17    0    0
