QBPP_HJ-_25_075_20_1
25 71 5118
48 45 12 31 10 39 48 12 14 49 24 2 43 39 41 31 9 23 22 8 38 37 38 22 17
     0     0     0   -57   -49   -15   -49   -43   -42     0   -94   -32     0   -81   -82   -29   -54     0   -94   -49     0   -24     0   -71   -95
     0     0   -50   -25     0     0   -76     0   -43  -100   -13   -13     0     0     0     0   -44   -33     0   -35   -42     0   -23   -10   -34
     0   -50     0   -13     0   -66   -11   -50     0    -7   -98     0     0   -13     0   -24     0   -39    -8   -37   -94     0   -42   -86   -44
   -57   -25   -13     0   -87   -50  -100   -58   -49     0   -38   -70   -53     0   -59   -82   -11   -84   -59   -21   -59   -55   -58   -59     0
   -49     0     0   -87     0     0   -86     0   -65     0   -23   -69     0   -90     0   -72     0     0   -20   -33   -20     0   -84   -84   -65
   -15     0   -66   -50     0     0     0     0   -86   -41   -74   -80   -95   -69   -22   -90     0   -88   -40     0   -44  -100   -18   -72   -77
   -49   -76   -11  -100   -86     0     0   -92   -44    -4   -24   -30     0     0   -20   -20     0   -45   -13   -93   -49    -7   -37   -76   -52
   -43     0   -50   -58     0     0   -92     0   -24   -81   -15     0   -30   -63   -51   -41   -14     0   -82   -46    -4   -26   -18    -1   -45
   -42   -43     0   -49   -65   -86   -44   -24     0    -6   -79   -47   -93    -1     0   -67   -57    -1   -75   -18   -60     0   -84   -54     0
     0  -100    -7     0     0   -41    -4   -81    -6     0   -94     0     0     0   -96   -51   -94   -62   -48   -10    -7   -71     0     0   -55
   -94   -13   -98   -38   -23   -74   -24   -15   -79   -94     0   -35     0   -36   -67     0   -79  -100   -12    -6   -39   -67     0     0     0
   -32   -13     0   -70   -69   -80   -30     0   -47     0   -35     0   -45   -32   -34   -11   -88   -89     0     0   -26     0   -30   -23     0
     0     0     0   -53     0   -95     0   -30   -93     0     0   -45     0   -71     0   -70     0   -82   -52   -11   -98   -40  -100     0   -76
   -81     0   -13     0   -90   -69     0   -63    -1     0   -36   -32   -71     0    -1   -12   -79   -31   -72   -74     0     0   -23   -59    -3
   -82     0     0   -59     0   -22   -20   -51     0   -96   -67   -34     0    -1     0     0   -49     0   -11  -100     0   -44   -64     0   -19
   -29     0   -24   -82   -72   -90   -20   -41   -67   -51     0   -11   -70   -12     0     0   -99    -3   -75   -45     0     0   -14   -73   -56
   -54   -44     0   -11     0     0     0   -14   -57   -94   -79   -88     0   -79   -49   -99     0   -45   -66   -51   -66   -20   -28     0   -59
     0   -33   -39   -84     0   -88   -45     0    -1   -62  -100   -89   -82   -31     0    -3   -45     0   -24     0   -22   -58   -45   -98   -22
   -94     0    -8   -59   -20   -40   -13   -82   -75   -48   -12     0   -52   -72   -11   -75   -66   -24     0     0   -91   -78   -72   -88   -45
   -49   -35   -37   -21   -33     0   -93   -46   -18   -10    -6     0   -11   -74  -100   -45   -51     0     0     0     0     0   -38     0   -10
     0   -42   -94   -59   -20   -44   -49    -4   -60    -7   -39   -26   -98     0     0     0   -66   -22   -91     0     0    -8    -3   -72   -70
   -24     0     0   -55     0  -100    -7   -26     0   -71   -67     0   -40     0   -44     0   -20   -58   -78     0    -8     0   -83   -85   -80
     0   -23   -42   -58   -84   -18   -37   -18   -84     0     0   -30  -100   -23   -64   -14   -28   -45   -72   -38    -3   -83     0     0     0
   -71   -10   -86   -59   -84   -72   -76    -1   -54     0     0   -23     0   -59     0   -73     0   -98   -88     0   -72   -85     0     0   -73
   -95   -34   -44     0   -65   -77   -52   -45     0   -55     0     0   -76    -3   -19   -56   -59   -22   -45   -10   -70   -80     0   -73     0
