QBPP_HJ+_40_075_10_5
40 185 831
32 23 22 23 22 3 40 15 37 18 25 7 29 12 32 11 6 45 26 33 21 11 29 12 38 2 33 36 22 45 5 17 15 47 26 12 18 37 25 11
    0    0    0    0   19   37   43   43    0   96   22    0   62    4   54   33   24   12   37    0   97   27    9   71   64   84  100    0   94   35   62    0   48   93   95    0    0   62   84    0
    0    0   96   36    0   80   39   71   13    0   34   91   26   95   60   15    0   51   42   78    6    1   63   19   45    0   89    0   82   17   29   52   55    0    0   29   69    8   11   35
    0   96    0   34   29   98   38   65    0   50   45   49    0    0  100    0   84    0   92   46   52   24    4   32   17   87   36    0    0   37   86    0   32    0   96    0   13   14   20   27
    0   36   34    0   94    0   32    0   90   63   14    2    0   33   19   94   48    8    0   67   99    0   37    0   83   49    0   36    4   86    5   79   85    0    6   12   59   72    0   15
   19    0   29   94    0    0   96   21   83   96   35    0    0    0    6   52    4    0    0   49   93   11   79   85   34    0   61   11   61   87    0   40   79   72   92   29   87    0   47   50
   37   80   98    0    0    0   95   20   92   21   37    0    7   52   88    0    0    4   13   98   73   53   52   21   43   62    0    0    0   45    0    0   95    0    9   74   42   71   37   88
   43   39   38   32   96   95    0   34    0   59    8    0   22   85   66   91   76   28   17   61   47    0    4   95   89   52    9    0    0   14   13   30   69   52    0   94   87   76   47   72
   43   71   65    0   21   20   34    0   68   58   91   36    0    0   91   18   87    0   20    0   37   69   79   44    0   73   56   25    0    0   36    0   34    0    3    5   25    0   30   82
    0   13    0   90   83   92    0   68    0   30   42   64   57    0   75   65   20   61   80   54    0   46    0   69   78   30   24   99    0   18    0   91   52   55   25   35   32   58    0   44
   96    0   50   63   96   21   59   58   30    0   11    0  100    9   95   10   59   13   37   79   51   33   61    0    9    7   89   96   94   79    0   88    0   26   25   16   69   31    7    6
   22   34   45   14   35   37    8   91   42   11    0   55   18   52   35   19   92   74   27    8   70   41   95    0    0    0   29  100   48   78    0   98   16    0   47   13    0   51   15   22
    0   91   49    2    0    0    0   36   64    0   55    0    0    0    0    1    0    0   67    0   78   84   46    0   72   72   63   17   65   27   87   72   22   64    0   68   62   18   62   36
   62   26    0    0    0    7   22    0   57  100   18    0    0   22   34   75   73   53   26    2   75   20   74   70   22   22    0    1   21   25    0    0   54    9    0    3   87   47   12   23
    4   95    0   33    0   52   85    0    0    9   52    0   22    0   77   92    0    0   41   45   13    0   84    0   31   84   69    9   88    0    0   83   52   32    0    0    0   55   74    0
   54   60  100   19    6   88   66   91   75   95   35    0   34   77    0   94   83   44    0    0   37   53   32    0    6   97   27   88   97   98    0   11   78   55    8   56   54   49   25    7
   33   15    0   94   52    0   91   18   65   10   19    1   75   92   94    0    0   70   35    0    0   28   44   32   53    8   96   17   84   69   20    0    9   48   73   94   71   21   11   65
   24    0   84   48    4    0   76   87   20   59   92    0   73    0   83    0    0   76   28   81    0    0   35   26   34   16    6    0   13   85   42   48   55   56   92    0    0   59   41   42
   12   51    0    8    0    4   28    0   61   13   74    0   53    0   44   70   76    0   77    3   74   31   70   95   21   38   70    0   29   70   92   90   24   93   94   55   82   87    0   14
   37   42   92    0    0   13   17   20   80   37   27   67   26   41    0   35   28   77    0    0   34   68   44   18    0   63   42    0   93   14   35   21    0   61   80    0   82   98    0   17
    0   78   46   67   49   98   61    0   54   79    8    0    2   45    0    0   81    3    0    0   78   94   31   90   66    0    7   23   85    0   53    0    3   13   52   12   88   30   78    0
   97    6   52   99   93   73   47   37    0   51   70   78   75   13   37    0    0   74   34   78    0    0   23    0   52   81    0    0   35   57   78    0    0  100   21   66   67   80    0   67
   27    1   24    0   11   53    0   69   46   33   41   84   20    0   53   28    0   31   68   94    0    0    0   49   49   32   91    0    0   14   13   42    0   77   81   65   33   99    8   38
    9   63    4   37   79   52    4   79    0   61   95   46   74   84   32   44   35   70   44   31   23    0    0    2    0   90   80   85   75   86    0   15   93    0   45    0   10   24    0    0
   71   19   32    0   85   21   95   44   69    0    0    0   70    0    0   32   26   95   18   90    0   49    2    0   36    0   23    0   33    0    0    0   94    0   57   10   69    0   81   69
   64   45   17   83   34   43   89    0   78    9    0   72   22   31    6   53   34   21    0   66   52   49    0   36    0   77   48    0   66    0    0   48    0    0   69   95    9   73   27    0
   84    0   87   49    0   62   52   73   30    7    0   72   22   84   97    8   16   38   63    0   81   32   90    0   77    0   11   34    7    0   81   64   46   17   13   39   98   58    2   95
  100   89   36    0   61    0    9   56   24   89   29   63    0   69   27   96    6   70   42    7    0   91   80   23   48   11    0   42    0   36   25   88    0   68    0   47   78   57   24   50
    0    0    0   36   11    0    0   25   99   96  100   17    1    9   88   17    0    0    0   23    0    0   85    0    0   34   42    0   12   30    0    0    0   48   82   99    0   42   71    0
   94   82    0    4   61    0    0    0    0   94   48   65   21   88   97   84   13   29   93   85   35    0   75   33   66    7    0   12    0   78   63   86   78   62   77   10   63    0   34    0
   35   17   37   86   87   45   14    0   18   79   78   27   25    0   98   69   85   70   14    0   57   14   86    0    0    0   36   30   78    0   74   68   31    0    0    0   62   52   38   39
   62   29   86    5    0    0   13   36    0    0    0   87    0    0    0   20   42   92   35   53   78   13    0    0    0   81   25    0   63   74    0   75    9   74   44   91   15    0   57   98
    0   52    0   79   40    0   30    0   91   88   98   72    0   83   11    0   48   90   21    0    0   42   15    0   48   64   88    0   86   68   75    0   45    3   31    0    0   10   66   66
   48   55   32   85   79   95   69   34   52    0   16   22   54   52   78    9   55   24    0    3    0    0   93   94    0   46    0    0   78   31    9   45    0   36   56   74   37   47   96   73
   93    0    0    0   72    0   52    0   55   26    0   64    9   32   55   48   56   93   61   13  100   77    0    0    0   17   68   48   62    0   74    3   36    0    6   23   32   98   73    0
   95    0   96    6   92    9    0    3   25   25   47    0    0    0    8   73   92   94   80   52   21   81   45   57   69   13    0   82   77    0   44   31   56    6    0    0   25   52   24   30
    0   29    0   12   29   74   94    5   35   16   13   68    3    0   56   94    0   55    0   12   66   65    0   10   95   39   47   99   10    0   91    0   74   23    0    0   18    0   34    0
    0   69   13   59   87   42   87   25   32   69    0   62   87    0   54   71    0   82   82   88   67   33   10   69    9   98   78    0   63   62   15    0   37   32   25   18    0    2   52    0
   62    8   14   72    0   71   76    0   58   31   51   18   47   55   49   21   59   87   98   30   80   99   24    0   73   58   57   42    0   52    0   10   47   98   52    0    2    0    3    0
   84   11   20    0   47   37   47   30    0    7   15   62   12   74   25   11   41    0    0   78    0    8    0   81   27    2   24   71   34   38   57   66   96   73   24   34   52    3    0   35
    0   35   27   15   50   88   72   82   44    6   22   36   23    0    7   65   42   14   17    0   67   38    0   69    0   95   50    0    0   39   98   66   73    0   30    0    0    0   35    0
