QBPP_HJ-_40_075_06_5
40 333 188
29 4 8 34 48 38 3 50 26 27 25 30 29 4 42 3 3 24 41 47 50 13 27 14 15 14 29 35 25 41 17 2 12 25 47 22 32 15 37 10
     0     0    -6   -69     0     0   -96   -48   -13   -95   -90   -70   -80     0     0   -18    -5   -24     0     0   -96     0   -41   -47   -19   -90     0   -28     0   -77   -60     0   -15   -89     0   -51     0   -40   -15   -36
     0     0    -1   -89   -37     0   -64   -13     0   -86   -12   -93     0   -96   -51   -67   -73    -4    -2   -35     0   -79   -11   -50     0   -85   -84     0     0     0    -1     0   -42    -2   -10     0   -52   -36   -77    -4
    -6    -1     0  -100     0    -6     0   -22     0  -100   -22     0   -71   -14   -16   -52   -65   -47   -97     0   -54   -87    -9    -8   -10   -71   -75   -50   -26   -93     0    -4   -24   -24     0     0   -88   -96   -48   -11
   -69   -89  -100     0   -35     0   -19   -96   -81   -85   -65    -2    -8   -66   -30   -45   -30     0   -66     0     0   -99   -60   -65     0   -87   -14   -79   -87    -6   -96   -40     0     0    -2     0   -48    -6     0   -95
     0   -37     0   -35     0     0   -58     0   -60     0   -84   -13    -7   -96     0   -78   -59   -32     0   -27     0     0    -8   -21   -55     0   -44     0   -98   -82   -32   -26   -99   -37     0   -65     0   -97   -41   -53
     0     0    -6     0     0     0   -10   -60   -16   -93   -41    -6   -22   -82   -59   -29   -45   -39     0   -31   -44   -93   -30     0   -27   -23   -36   -54   -53   -56     0     0     0   -78   -30   -37    -6     0   -24   -44
   -96   -64     0   -19   -58   -10     0   -98   -64   -84   -47   -65   -53   -89   -77   -93     0   -96     0   -98     0     0   -82     0   -14   -97   -74   -22    -5   -98   -56   -29   -50     0     0   -63     0   -66    -2   -32
   -48   -13   -22   -96     0   -60   -98     0     0   -87   -63     0   -43     0   -97   -60   -82    -4   -26   -41   -60   -52   -57   -21   -79   -11   -64   -10   -75   -90   -59   -36    -8   -81   -91   -59   -41     0   -78     0
   -13     0     0   -81   -60   -16   -64     0     0     0   -11     0   -35   -99   -39   -95     0   -20   -22   -64   -25   -70   -37     0   -85     0   -58     0     0    -3   -50   -88   -85     0     0   -63     0   -27     0     0
   -95   -86  -100   -85     0   -93   -84   -87     0     0   -53   -45     0     0   -73   -33   -58   -64   -73     0   -96   -99   -25   -99     0    -9   -35   -89   -64    -3   -17   -63   -63   -23     0    -7   -24   -40   -31     0
   -90   -12   -22   -65   -84   -41   -47   -63   -11   -53     0   -62   -83   -93   -74   -82     0   -97   -62   -21   -76   -95   -31     0   -73   -13   -64   -33   -46   -75   -74     0   -58     0     0     0     0   -60     0   -30
   -70   -93     0    -2   -13    -6   -65     0     0   -45   -62     0   -27   -14   -76   -69     0   -36   -39   -90   -29   -52   -58   -18    -8   -77   -12   -56   -20   -45   -52   -12   -75     0   -69     0   -24   -52   -87     0
   -80     0   -71    -8    -7   -22   -53   -43   -35     0   -83   -27     0   -71   -22   -68   -49   -53   -68   -69     0     0   -45   -74   -31    -4   -45     0   -90    -9   -74     0   -94   -66   -65   -68     0   -96   -93   -91
     0   -96   -14   -66   -96   -82   -89     0   -99     0   -93   -14   -71     0     0   -55   -90    -5   -12   -99   -57     0     0   -30   -82    -4     0   -52   -27     0     0     0   -78   -23     0   -72    -6   -74     0   -71
     0   -51   -16   -30     0   -59   -77   -97   -39   -73   -74   -76   -22     0     0   -79     0   -29   -37     0     0   -50    -9     0    -6   -37     0   -82   -11     0   -45   -17   -51     0     0   -17    -4   -41   -96     0
   -18   -67   -52   -45   -78   -29   -93   -60   -95   -33   -82   -69   -68   -55   -79     0   -19   -89     0   -54   -56   -99   -52     0   -84   -81   -43    -2    -4   -55   -38   -66   -42   -74   -69   -69   -52   -10   -69   -47
    -5   -73   -65   -30   -59   -45     0   -82     0   -58     0     0   -49   -90     0   -19     0     0   -96   -24    -9   -89    -5   -88   -40     0   -56   -16     0   -34   -35   -63   -36     0   -29   -51     0   -50     0   -38
   -24    -4   -47     0   -32   -39   -96    -4   -20   -64   -97   -36   -53    -5   -29   -89     0     0     0   -86   -35   -14   -80   -54    -6     0   -81   -74    -1   -18     0   -42   -13   -82   -43   -71     0     0   -41   -40
     0    -2   -97   -66     0     0     0   -26   -22   -73   -62   -39   -68   -12   -37     0   -96     0     0   -94   -64   -33    -2   -16     0   -47     0    -2   -84   -80   -13   -70   -88   -37   -96   -33   -23   -79     0   -64
     0   -35     0     0   -27   -31   -98   -41   -64     0   -21   -90   -69   -99     0   -54   -24   -86   -94     0   -88   -43     0     0   -16   -67     0   -56   -74   -59   -65   -35   -84   -92   -37     0   -36   -31   -97   -62
   -96     0   -54     0     0   -44     0   -60   -25   -96   -76   -29     0   -57     0   -56    -9   -35   -64   -88     0     0   -59     0   -30     0   -15   -24   -22   -11     0   -52   -16   -12     0    -7     0   -60     0   -61
     0   -79   -87   -99     0   -93     0   -52   -70   -99   -95   -52     0     0   -50   -99   -89   -14   -33   -43     0     0   -37   -60   -77    -9   -24   -32   -33    -9   -58   -73   -10     0   -97   -33   -97   -15   -76   -50
   -41   -11    -9   -60    -8   -30   -82   -57   -37   -25   -31   -58   -45     0    -9   -52    -5   -80    -2     0   -59   -37     0   -55     0    -6   -14     0     0   -36   -16     0   -39   -95   -80   -35   -54   -73   -96   -43
   -47   -50    -8   -65   -21     0     0   -21     0   -99     0   -18   -74   -30     0     0   -88   -54   -16     0     0   -60   -55     0     0   -41   -23   -73   -23   -97   -33   -79   -87   -48   -99   -67   -27   -53   -20     0
   -19     0   -10     0   -55   -27   -14   -79   -85     0   -73    -8   -31   -82    -6   -84   -40    -6     0   -16   -30   -77     0     0     0     0     0     0   -71   -26   -86   -85     0    -7     0   -21   -58     0   -95     0
   -90   -85   -71   -87     0   -23   -97   -11     0    -9   -13   -77    -4    -4   -37   -81     0     0   -47   -67     0    -9    -6   -41     0     0   -15   -68   -60     0   -26   -53     0   -12     0   -81   -25   -41    -4     0
     0   -84   -75   -14   -44   -36   -74   -64   -58   -35   -64   -12   -45     0     0   -43   -56   -81     0     0   -15   -24   -14   -23     0   -15     0   -93   -82   -20   -32   -15     0   -49     0   -18   -30   -33   -73     0
   -28     0   -50   -79     0   -54   -22   -10     0   -89   -33   -56     0   -52   -82    -2   -16   -74    -2   -56   -24   -32     0   -73     0   -68   -93     0    -3   -78     0   -56    -6   -71   -94   -25   -83     0   -64   -65
     0     0   -26   -87   -98   -53    -5   -75     0   -64   -46   -20   -90   -27   -11    -4     0    -1   -84   -74   -22   -33     0   -23   -71   -60   -82    -3     0   -86   -57     0     0   -22    -4   -37   -46   -18   -51   -56
   -77     0   -93    -6   -82   -56   -98   -90    -3    -3   -75   -45    -9     0     0   -55   -34   -18   -80   -59   -11    -9   -36   -97   -26     0   -20   -78   -86     0     0    -6   -51   -76   -73     0   -94   -28   -99   -49
   -60    -1     0   -96   -32     0   -56   -59   -50   -17   -74   -52   -74     0   -45   -38   -35     0   -13   -65     0   -58   -16   -33   -86   -26   -32     0   -57     0     0     0   -75   -94   -71   -52   -21   -93   -26     0
     0     0    -4   -40   -26     0   -29   -36   -88   -63     0   -12     0     0   -17   -66   -63   -42   -70   -35   -52   -73     0   -79   -85   -53   -15   -56     0    -6     0     0   -18   -17     0   -13   -65   -76   -41   -21
   -15   -42   -24     0   -99     0   -50    -8   -85   -63   -58   -75   -94   -78   -51   -42   -36   -13   -88   -84   -16   -10   -39   -87     0     0     0    -6     0   -51   -75   -18     0   -37   -37   -77   -14   -24   -70   -44
   -89    -2   -24     0   -37   -78     0   -81     0   -23     0     0   -66   -23     0   -74     0   -82   -37   -92   -12     0   -95   -48    -7   -12   -49   -71   -22   -76   -94   -17   -37     0     0   -56     0   -77     0   -34
     0   -10     0    -2     0   -30     0   -91     0     0     0   -69   -65     0     0   -69   -29   -43   -96   -37     0   -97   -80   -99     0     0     0   -94    -4   -73   -71     0   -37     0     0   -38   -82     0   -55   -56
   -51     0     0     0   -65   -37   -63   -59   -63    -7     0     0   -68   -72   -17   -69   -51   -71   -33     0    -7   -33   -35   -67   -21   -81   -18   -25   -37     0   -52   -13   -77   -56   -38     0     0   -84   -76   -42
     0   -52   -88   -48     0    -6     0   -41     0   -24     0   -24     0    -6    -4   -52     0     0   -23   -36     0   -97   -54   -27   -58   -25   -30   -83   -46   -94   -21   -65   -14     0   -82     0     0     0   -95   -49
   -40   -36   -96    -6   -97     0   -66     0   -27   -40   -60   -52   -96   -74   -41   -10   -50     0   -79   -31   -60   -15   -73   -53     0   -41   -33     0   -18   -28   -93   -76   -24   -77     0   -84     0     0     0     0
   -15   -77   -48     0   -41   -24    -2   -78     0   -31     0   -87   -93     0   -96   -69     0   -41     0   -97     0   -76   -96   -20   -95    -4   -73   -64   -51   -99   -26   -41   -70     0   -55   -76   -95     0     0   -87
   -36    -4   -11   -95   -53   -44   -32     0     0     0   -30     0   -91   -71     0   -47   -38   -40   -64   -62   -61   -50   -43     0     0     0     0   -65   -56   -49     0   -21   -44   -34   -56   -42   -49     0   -87     0
