QBPP_HJ*_35_075_20_5
35 83 111
19 37 9 36 32 20 13 50 33 46 16 17 44 7 39 1 48 27 3 6 28 35 28 30 45 12 6 13 19 7 40 6 31 2 20
    0   27    0   33  -24  -18   12   26  -41    0   -6   -9    2    0   24    0  -37  -36   -1    0    0  -44    0    0  -31    0   23  -21   45  -28    0   33    0    2   -3
   27    0    9    0   49    0   22    0   -1  -32  -16   26   29   11   50   18   27  -25   35    0   43    0    0    0   -3  -42  -30   10  -44   22   25   -1  -27   50   10
    0    9    0  -30  -31   30  -25    0    0    0   13   41    0  -41    0    0    0   -6   25  -14   -3   -7   -4  -39    0  -25    0   39  -40  -31  -32   30  -30    0    0
   33    0  -30    0  -36   -9  -29   23  -18   -2  -39   29  -10  -32   18  -38  -21   48    0   39    0   48    0   24  -19   17   25  -14  -22    0   39  -12    6  -22   43
  -24   49  -31  -36    0   12   29    9    0  -31  -38   37   -1   35  -30  -12    0  -32  -50   34   39   -8   19   -6   37    3   46  -22  -36    0  -32  -16  -34  -49   42
  -18    0   30   -9   12    0  -36   20  -46  -34   50    0   36   35   16   23   44   48    0  -30  -43  -23   17   13  -31   25  -34    0  -21  -37  -28  -15   12    0  -29
   12   22  -25  -29   29  -36    0    8  -18    1   34    0  -16  -13    3   24   25    0    0    0   47  -45  -33   10  -38    0   26   32   36  -38    0   16   36  -32    0
   26    0    0   23    9   20    8    0   30   41   37  -34  -24   37  -39  -19    0   48    0    0    0   -7  -50  -25   35   44   34  -30    0    0  -42    0   -1    0   16
  -41   -1    0  -18    0  -46  -18   30    0   45  -15    0    2   44  -40   12  -12    0   29  -37  -25    0   46    0    5    0    0    1   29    0   23    0   23  -50    0
    0  -32    0   -2  -31  -34    1   41   45    0   -8    0   -8   29  -23   27    7    0  -23    0    9   12   26  -31  -49   42    0  -29  -41  -34    0  -41  -28    0  -43
   -6  -16   13  -39  -38   50   34   37  -15   -8    0    1   28    0   -4    3    0  -49  -14    4    0    0   21  -29  -36  -22   41   46   -7   25   34  -18   38   30    9
   -9   26   41   29   37    0    0  -34    0    0    1    0   48  -22  -42  -21    0   -3    0    1    8    0    0  -20  -28    6   32  -36    0  -29   17  -50   48    0    0
    2   29    0  -10   -1   36  -16  -24    2   -8   28   48    0   37  -23   27   41  -35    0    0   12    0    0   25   10  -29   33  -50   16    0   20  -20  -42    0   41
    0   11  -41  -32   35   35  -13   37   44   29    0  -22   37    0  -39   41    0   25   -2   14  -50    0   33   12    0  -28    0   50  -17  -14   12  -42   47   22  -38
   24   50    0   18  -30   16    3  -39  -40  -23   -4  -42  -23  -39    0  -46  -38   12  -18   14  -50   34  -39   20  -41   24   21   17  -36    0   49  -45   -2  -14   32
    0   18    0  -38  -12   23   24  -19   12   27    3  -21   27   41  -46    0  -48   50    0  -39   36    0  -14   34    0  -29    0   -8   28   46   -3   23    6   24   39
  -37   27    0  -21    0   44   25    0  -12    7    0    0   41    0  -38  -48    0   30   11   37   37   38  -35   -1   40  -38   24    2   -4    0    0    0   41    0   10
  -36  -25   -6   48  -32   48    0   48    0    0  -49   -3  -35   25   12   50   30    0   20   50    0    0    0   36    0   35    0    8   10    0  -41   13   12   29  -31
   -1   35   25    0  -50    0    0    0   29  -23  -14    0    0   -2  -18    0   11   20    0   40  -23    0  -45  -27   -1    0   -8   23    0    0  -46   44   27    0  -34
    0    0  -14   39   34  -30    0    0  -37    0    4    1    0   14   14  -39   37   50   40    0  -47   24    6   -5   16  -45  -39  -38   25    0  -21   35  -19    0   23
    0   43   -3    0   39  -43   47    0  -25    9    0    8   12  -50  -50   36   37    0  -23  -47    0   11    0   11    0   40    0  -30   14  -27  -25    0  -33    0    8
  -44    0   -7   48   -8  -23  -45   -7    0   12    0    0    0    0   34    0   38    0    0   24   11    0    2  -10   40   16  -18   -7   47  -37    0  -33   16  -39   11
    0    0   -4    0   19   17  -33  -50   46   26   21    0    0   33  -39  -14  -35    0  -45    6    0    2    0   12  -37    0  -43    5  -24    0  -28   43    0  -46  -32
    0    0  -39   24   -6   13   10  -25    0  -31  -29  -20   25   12   20   34   -1   36  -27   -5   11  -10   12    0   49  -17    0    0   16   31    0   24  -50   -7    0
  -31   -3    0  -19   37  -31  -38   35    5  -49  -36  -28   10    0  -41    0   40    0   -1   16    0   40  -37   49    0   19  -41    5    5  -29   43   30    0  -19    9
    0  -42  -25   17    3   25    0   44    0   42  -22    6  -29  -28   24  -29  -38   35    0  -45   40   16    0  -17   19    0    1    0  -26  -22   16  -12   20  -25  -17
   23  -30    0   25   46  -34   26   34    0    0   41   32   33    0   21    0   24    0   -8  -39    0  -18  -43    0  -41    1    0   -8   34    0   30   31    7  -35    3
  -21   10   39  -14  -22    0   32  -30    1  -29   46  -36  -50   50   17   -8    2    8   23  -38  -30   -7    5    0    5    0   -8    0   28   40  -40    0   47   23  -33
   45  -44  -40  -22  -36  -21   36    0   29  -41   -7    0   16  -17  -36   28   -4   10    0   25   14   47  -24   16    5  -26   34   28    0   14   45    4    0   43   18
  -28   22  -31    0    0  -37  -38    0    0  -34   25  -29    0  -14    0   46    0    0    0    0  -27  -37    0   31  -29  -22    0   40   14    0  -12   43    0   36    0
    0   25  -32   39  -32  -28    0  -42   23    0   34   17   20   12   49   -3    0  -41  -46  -21  -25    0  -28    0   43   16   30  -40   45  -12    0    0    0    0   47
   33   -1   30  -12  -16  -15   16    0    0  -41  -18  -50  -20  -42  -45   23    0   13   44   35    0  -33   43   24   30  -12   31    0    4   43    0    0    0   43   28
    0  -27  -30    6  -34   12   36   -1   23  -28   38   48  -42   47   -2    6   41   12   27  -19  -33   16    0  -50    0   20    7   47    0    0    0    0    0  -47   33
    2   50    0  -22  -49    0  -32    0  -50    0   30    0    0   22  -14   24    0   29    0    0    0  -39  -46   -7  -19  -25  -35   23   43   36    0   43  -47    0    0
   -3   10    0   43   42  -29    0   16    0  -43    9    0   41  -38   32   39   10  -31  -34   23    8   11  -32    0    9  -17    3  -33   18    0   47   28   33    0    0
