QBPP_HJ*_30_050_06_2
30 275 3
42 43 19 3 40 7 34 26 30 46 27 9 25 11 49 35 31 1 38 19 47 36 11 47 31 29 46 27 8 6
    0   31    0    0    0    0  -35   28  -28   25   30    0    0  -23    0    0   41    0    0   29   39   -3    0   -8    0  -36   50    0    0   23
   31    0   45    0    0    0   40   38    0  -25    0  -13    0    0    8    0   12    0   -1    0    0    0    0    0    0    0    0  -46   47   46
    0   45    0    2   -3    0  -50    0    6  -44    0    0    0  -30   47    0  -18    0    0   48    0  -33    2    0   31  -42    0   20  -39  -18
    0    0    2    0  -50   50   38    0   33    0    0   44    6    0   35  -41    0    0  -49    0    0    0    0   -8    0   13    0    0    0    0
    0    0   -3  -50    0  -45    0    0    5    0    2  -33    8    0    0    0    0    9    9    0    0  -11    0   -2  -35    0   50    0    0   21
    0    0    0   50  -45    0  -42   32    0    0  -24   14   46   47   -2   44    0    0    0    0    0    0  -42    0    0    0  -12   -5  -45   38
  -35   40  -50   38    0  -42    0  -23    0    0    0   32    0    0    0    0  -13    0    0    0    0    0   49  -30   23    0    0  -27  -32    0
   28   38    0    0    0   32  -23    0   -3    0   -4  -15    0    0  -50    7    0  -18   29   11   30    5    0    0  -32    0  -20    0   31    0
  -28    0    6   33    5    0    0   -3    0   22  -49  -16    0  -31  -40    0   31  -24   17   35    0    0    0    0    0    0  -23    0   47  -49
   25  -25  -44    0    0    0    0    0   22    0   -7   30    3   23  -32    1   15  -50  -25    0    0   38   23    0    0    3    0  -23  -13   25
   30    0    0    0    2  -24    0   -4  -49   -7    0    0   34   26   -7    0    0    0  -20    0  -32    0    0   35   31    0    0  -47    0    0
    0  -13    0   44  -33   14   32  -15  -16   30    0    0    0    0  -25    0    0    0   46    0   33    0    0    0    0    0  -18  -28    0    0
    0    0    0    6    8   46    0    0    0    3   34    0    0    3  -14   25  -47  -50    0    0  -46    0    0    0   -7    0    0   11    0   31
  -23    0  -30    0    0   47    0    0  -31   23   26    0    3    0    0   29    0    0   18   36    0    0  -26    0   -5   28   31    0    0    0
    0    8   47   35    0   -2    0  -50  -40  -32   -7  -25  -14    0    0   35  -44   42  -46    0    0   14    0  -21    0  -29    0   41   22    0
    0    0    0  -41    0   44    0    7    0    1    0    0   25   29   35    0    0   -4  -31    0  -45  -13    0    7  -29  -29  -31   49   14  -13
   41   12  -18    0    0    0  -13    0   31   15    0    0  -47    0  -44    0    0    0    0    0  -23  -50   30    3  -18    6   37  -35    0    0
    0    0    0    0    9    0    0  -18  -24  -50    0    0  -50    0   42   -4    0    0   -7    0  -36    0   -4    0  -11    0    0   19    0    0
    0   -1    0  -49    9    0    0   29   17  -25  -20   46    0   18  -46  -31    0   -7    0   19    0   10    0    0    0   30  -47   29  -25    0
   29    0   48    0    0    0    0   11   35    0    0    0    0   36    0    0    0    0   19    0   -5    0   22  -44  -46   21    0   -8    0    0
   39    0    0    0    0    0    0   30    0    0  -32   33  -46    0    0  -45  -23  -36    0   -5    0    0   -3  -49  -42  -50  -45   45  -16    0
   -3    0  -33    0  -11    0    0    5    0   38    0    0    0    0   14  -13  -50    0   10    0    0    0   -3   -3   34  -41  -11   23  -12    0
    0    0    2    0    0  -42   49    0    0   23    0    0    0  -26    0    0   30   -4    0   22   -3   -3    0    0  -21  -37    0    0   48  -47
   -8    0    0   -8   -2    0  -30    0    0    0   35    0    0    0  -21    7    3    0    0  -44  -49   -3    0    0  -29  -34    0   31  -15    5
    0    0   31    0  -35    0   23  -32    0    0   31    0   -7   -5    0  -29  -18  -11    0  -46  -42   34  -21  -29    0    0    9   14   35    0
  -36    0  -42   13    0    0    0    0    0    3    0    0    0   28  -29  -29    6    0   30   21  -50  -41  -37  -34    0    0   39    0    3  -18
   50    0    0    0   50  -12    0  -20  -23    0    0  -18    0   31    0  -31   37    0  -47    0  -45  -11    0    0    9   39    0   32    0    0
    0  -46   20    0    0   -5  -27    0    0  -23  -47  -28   11    0   41   49  -35   19   29   -8   45   23    0   31   14    0   32    0  -22    0
    0   47  -39    0    0  -45  -32   31   47  -13    0    0    0    0   22   14    0    0  -25    0  -16  -12   48  -15   35    3    0  -22    0  -41
   23   46  -18    0   21   38    0    0  -49   25    0    0   31    0    0  -13    0    0    0    0    0    0  -47    5    0  -18    0    0  -41    0
