QBPP_HJ*_35_050_10_3
35 179 18
18 44 13 47 3 29 13 45 12 33 8 26 7 6 36 33 45 45 40 35 32 12 44 14 8 23 8 33 37 49 39 19 18 4 15
    0  -34    0  -43  -19  -23    0  -40  -16    0   22   35    0  -36  -30    0    0    0  -27    0  -48    0  -17    5  -27    0    0    0    0  -15    0    0   21    0   23
  -34    0    0   43    0    3    0  -21    5    6    0  -38    0    0    0  -21   18   48    0    0  -18  -29   25  -34  -35    0   -4   -6   21    0  -20  -34    0    0    0
    0    0    0  -32  -46    0    0    0  -35    0   16    0   12    0   -3   -7   36    5  -24    0   36   29  -21    0   26    0  -46   -6  -14   26   33    0  -18    0  -44
  -43   43  -32    0    0    0   47  -18    0    0  -42   43    0   48    0  -48   -1   -1    0   25    0   49    0   21  -19   19    0  -19  -37    0   41   17    0    0   27
  -19    0  -46    0    0  -16   37    0  -50    0  -43    0   32   23   45  -10    0    0    0    4   14    0    0    0    0    0  -19    0    0   47    0  -31    9  -15   -9
  -23    3    0    0  -16    0   32   -5    3    0  -30    0    0  -39    0  -44    0    0  -20    0    0   14    0    0  -29    0   26   14    0    0    0   36    0    0    0
    0    0    0   47   37   32    0  -38   10    0  -18    0   30   -7    0  -25    0    0    0    7   41    4    0   18   15   35   46    0    0    0    0    0  -17  -26   38
  -40  -21    0  -18    0   -5  -38    0    8    0    0  -36   15  -42    0   21  -41   36    0  -42    0   47  -16    0    0   23  -34    0    0   41  -41    0  -24    0   29
  -16    5  -35    0  -50    3   10    8    0    0    0    0    0   16  -32  -40    0   13  -38    2    0   -9  -49    0    0    0    0    0    7    0    0  -46    0   -9    0
    0    6    0    0    0    0    0    0    0    0    0    0   17   36   45   22   -8    0    0   32    0    0    0    0  -24  -35   26    0    0    0    0    0    0    0  -46
   22    0   16  -42  -43  -30  -18    0    0    0    0   30    0  -18    0    0  -35    2    0   40   31  -43    0  -41    0   49    0   15    0    0   -4    1    0    1   30
   35  -38    0   43    0    0    0  -36    0    0   30    0    0    0  -30  -47    0   32    0    0    0  -12    0   25    9  -21    0    0  -49  -19    0    0    8    0    0
    0    0   12    0   32    0   30   15    0   17    0    0    0   34    0  -14    0   23    0    0  -45    0    0    3   44  -27    0    0    0    0    0    0    0   34    0
  -36    0    0   48   23  -39   -7  -42   16   36  -18    0   34    0   42    0    0   18   26    0    0    0    0   13   -7    0   37  -29    0    0    0    0    0    0  -10
  -30    0   -3    0   45    0    0    0  -32   45    0  -30    0   42    0    0   12    0    0    0    0    4   44  -30    0  -15   -5    3    0   11  -17    0    3    0    7
    0  -21   -7  -48  -10  -44  -25   21  -40   22    0  -47  -14    0    0    0   21    0   22    0   43   40  -44    0    0  -43   46    0   -5    0    0   22    0  -50    0
    0   18   36   -1    0    0    0  -41    0   -8  -35    0    0    0   12   21    0    0    0    9  -10    0    0    0    1    0   38   39   42   50  -45   21   32  -24    0
    0   48    5   -1    0    0    0   36   13    0    2   32   23   18    0    0    0    0    0    9    0    0  -38  -47   -9    0    0    0    3    0  -21  -11    0  -25   30
  -27    0  -24    0    0  -20    0    0  -38    0    0    0    0   26    0   22    0    0    0  -48    0   29   27    0    0   38   48    0    0  -42  -12   14  -43    0   -8
    0    0    0   25    4    0    7  -42    2   32   40    0    0    0    0    0    9    9  -48    0    0    0  -29    0   41    5   27    0    0    0   -5   25   -2  -15    0
  -48  -18   36    0   14    0   41    0    0    0   31    0  -45    0    0   43  -10    0    0    0    0   48   23  -34   13    0    0    3   49   22    0   42    0    0   10
    0  -29   29   49    0   14    4   47   -9    0  -43  -12    0    0    4   40    0    0   29    0   48    0    0   13    0    0  -35    0    0    0   46    0  -46    0    0
  -17   25  -21    0    0    0    0  -16  -49    0    0    0    0    0   44  -44    0  -38   27  -29   23    0    0    9    0   13    0   46   -2    0    0   -1    6   38   31
    5  -34    0   21    0    0   18    0    0    0  -41   25    3   13  -30    0    0  -47    0    0  -34   13    9    0    0   20  -44   50    0   19    0   46    6    0    0
  -27  -35   26  -19    0  -29   15    0    0  -24    0    9   44   -7    0    0    1   -9    0   41   13    0    0    0    0    0   27    0    0   -5   -7    0    0    0    0
    0    0    0   19    0    0   35   23    0  -35   49  -21  -27    0  -15  -43    0    0   38    5    0    0   13   20    0    0    0    0    0  -41   49    0    0   28    0
    0   -4  -46    0  -19   26   46  -34    0   26    0    0    0   37   -5   46   38    0   48   27    0  -35    0  -44   27    0    0    0    0    0   49    0    6   45    0
    0   -6   -6  -19    0   14    0    0    0    0   15    0    0  -29    3    0   39    0    0    0    3    0   46   50    0    0    0    0    0    0    9    0   40    0    0
    0   21  -14  -37    0    0    0    0    7    0    0  -49    0    0    0   -5   42    3    0    0   49    0   -2    0    0    0    0    0    0   -4  -29    0    0    0   45
  -15    0   26    0   47    0    0   41    0    0    0  -19    0    0   11    0   50    0  -42    0   22    0    0   19   -5  -41    0    0   -4    0    0  -14   27    0   33
    0  -20   33   41    0    0    0  -41    0    0   -4    0    0    0  -17    0  -45  -21  -12   -5    0   46    0    0   -7   49   49    9  -29    0    0    0    0   -1  -25
    0  -34    0   17  -31   36    0    0  -46    0    1    0    0    0    0   22   21  -11   14   25   42    0   -1   46    0    0    0    0    0  -14    0    0    0   -6    0
   21    0  -18    0    9    0  -17  -24    0    0    0    8    0    0    3    0   32    0  -43   -2    0  -46    6    6    0    0    6   40    0   27    0    0    0    0   22
    0    0    0    0  -15    0  -26    0   -9    0    1    0   34    0    0  -50  -24  -25    0  -15    0    0   38    0    0   28   45    0    0    0   -1   -6    0    0  -27
   23    0  -44   27   -9    0   38   29    0  -46   30    0    0  -10    7    0    0   30   -8    0   10    0   31    0    0    0    0    0   45   33  -25    0   22  -27    0
