QBPP_HJ+_30_050_20_1
30 75 3456
31 35 24 34 9 40 15 6 29 21 22 46 38 16 10 3 1 4 41 35 18 46 2 48 30 41 16 5 38 42
    0    0    0   80    0    0   14    0   52   46   14   47    0    3    0   86    0    0    4    0    0   54    0   10    0   30    0   95   82    0
    0    0    0    0   10   41   70   77    0    0    0    0    0   44    0    0    0   77   79    0    0    0    0    0   20   71   43    0    0   41
    0    0    0    0    0   30   23   63    0    0    0    0    0    0    0    0   98   89    0    0    0    0    0   59    0    0    0    0   23    0
   80    0    0    0    0   27    9    0    0   77   52    0   29   58   80    0   46    0    7    0   20    4    0   90   59    0    0    5   69   49
    0   10    0    0    0    0    0    0   97    0    0   68   82    0    0    0    0   55   21    0   99   91    0   41    0    0   51    0    0    0
    0   41   30   27    0    0    0   34   32    0    0   89    0   60    0    0    0    0    2   39    5   22    0   10    0   59   22    0  100   45
   14   70   23    9    0    0    0    0    0   14    0   57    0   16   39    0    0    0    0   64   40    0    0    0    0   47    0    0   53   70
    0   77   63    0    0   34    0    0    0    0   62    0    0   71   61   86    0    0    6    0   56   23   57    0    0   24    5    0    0    0
   52    0    0    0   97   32    0    0    0    0    0   85   45   99    0    0   63    0    0    0    0   70    0    0   47   43    3   12   24   33
   46    0    0   77    0    0   14    0    0    0    0    9   68    0    0    0    0    0    0   99    0    0   26   85    0    0   38    8   77   12
   14    0    0   52    0    0    0   62    0    0    0   94   50   90   62    0    0    0    0    3   14   72    1   71    0    0    0   62   86    0
   47    0    0    0   68   89   57    0   85    9   94    0    0    0   14    0   58    0    4    0    0    0   16    0    0    0    0    0    2    0
    0    0    0   29   82    0    0    0   45   68   50    0    0   93    0   69    9    0   82    0   40    0    1   26    0    0   40    0    0    0
    3   44    0   58    0   60   16   71   99    0   90    0   93    0   90   12   11    0    0   83   13    4    0    0   85    0   17    0   19   74
    0    0    0   80    0    0   39   61    0    0   62   14    0   90    0    0   96   77    0   83    0   91    0   76    0   10    0    0   32   78
   86    0    0    0    0    0    0   86    0    0    0    0   69   12    0    0    0    0    0    0   97   48   96    0    0    0    0   71    0   57
    0    0   98   46    0    0    0    0   63    0    0   58    9   11   96    0    0   98    0   29    0    9   25    0   64    1    0   38   62   51
    0   77   89    0   55    0    0    0    0    0    0    0    0    0   77    0   98    0   50    0    0   80   80   83    0   85    0    0   88    0
    4   79    0    7   21    2    0    6    0    0    0    4   82    0    0    0    0   50    0   91    0    0    0    0   76   24    0    0   86   53
    0    0    0    0    0   39   64    0    0   99    3    0    0   83   83    0   29    0   91    0    0    0   16    0    0   73   15    8   79    0
    0    0    0   20   99    5   40   56    0    0   14    0   40   13    0   97    0    0    0    0    0    0   89   85   50   53    0    0    7   39
   54    0    0    4   91   22    0   23   70    0   72    0    0    4   91   48    9   80    0    0    0    0    0   81   13   48    0   86   73    0
    0    0    0    0    0    0    0   57    0   26    1   16    1    0    0   96   25   80    0   16   89    0    0   72   76    0   90    0    0   35
   10    0   59   90   41   10    0    0    0   85   71    0   26    0   76    0    0   83    0    0   85   81   72    0    0    0   17    0   89   26
    0   20    0   59    0    0    0    0   47    0    0    0    0   85    0    0   64    0   76    0   50   13   76    0    0    0   74   51   42   57
   30   71    0    0    0   59   47   24   43    0    0    0    0    0   10    0    1   85   24   73   53   48    0    0    0    0    7    0   70    0
    0   43    0    0   51   22    0    5    3   38    0    0   40   17    0    0    0    0    0   15    0    0   90   17   74    7    0    0   75    0
   95    0    0    5    0    0    0    0   12    8   62    0    0    0    0   71   38    0    0    8    0   86    0    0   51    0    0    0   42    0
   82    0   23   69    0  100   53    0   24   77   86    2    0   19   32    0   62   88   86   79    7   73    0   89   42   70   75   42    0    0
    0   41    0   49    0   45   70    0   33   12    0    0    0   74   78   57   51    0   53    0   39    0   35   26   57    0    0    0    0    0
