QBPP_HJ*_30_075_10_2
30 179 12
37 25 50 39 46 39 32 34 18 40 17 42 38 17 46 2 29 36 3 24 49 4 47 27 10 19 43 45 15 19
    0    0   28   42    6    0   37   -8  -45   45    0    0  -30  -43  -29   39   36    0    2    0  -42   20  -38    0    1    0   40    0  -21  -50
    0    0   35   45    0    0  -11  -34  -17  -13  -18    7  -39  -33    0   42    3  -45  -22   31   22   28  -22    0   34  -14   11    0    9   41
   28   35    0   30   15  -44   35  -34    0    3   38  -20    0   -2    0  -50   -7   -8   31    0    0    0   11  -32    0  -33  -39    0   26    0
   42   45   30    0    0    0   45   31    5    0    0   45    0  -25    0   50   11   47   10  -35    4   37    0   11  -40   41    0  -42    2    0
    6    0   15    0    0  -39   18   34    0    0    0   27  -45   -3  -11  -30   38  -17  -23    0  -12    0   32   -3   33  -41   -3  -27  -34   27
    0    0  -44    0  -39    0   12   34   35  -23   45   14   13   -2    0   17  -46   22    0   11  -41   23    0  -13   38    0   45    0  -25  -19
   37  -11   35   45   18   12    0    0    0   11  -15    0  -25  -12  -13   28   -9    0    0    0   30  -34   26  -38    9   33   39   15  -48  -33
   -8  -34  -34   31   34   34    0    0   50    0   41    0    4  -34  -47   33   11  -28  -11    0    0    0   17   22   16   11    4  -43  -46  -43
  -45  -17    0    5    0   35    0   50    0   47  -31    0  -37   25   38    9    0  -23    0  -26    0   -1   30    0  -34   42   34  -19  -28   15
   45  -13    3    0    0  -23   11    0   47    0   44  -49  -48    0   22  -12  -40  -23    0   16  -15  -31  -26   49    6    9  -49    0    0  -37
    0  -18   38    0    0   45  -15   41  -31   44    0    0   28  -11   -4  -47    0   31   17    0  -36    0   -7    0    5    0    3  -40  -22   18
    0    7  -20   45   27   14    0    0    0  -49    0    0   24    0  -15   30  -11   47  -21   10  -13  -47   31    0   33   48   47   21    0  -12
  -30  -39    0    0  -45   13  -25    4  -37  -48   28   24    0  -42  -28   40  -15   29    0   -7   33   14   34   18  -28    0   43  -25  -45   22
  -43  -33   -2  -25   -3   -2  -12  -34   25    0  -11    0  -42    0  -20  -25  -20    0  -24  -15   22    0    0  -32   24    0   38   41   45  -44
  -29    0    0    0  -11    0  -13  -47   38   22   -4  -15  -28  -20    0    0  -35    5  -12   45  -24   31   20  -17  -32    0   -1   36  -39    0
   39   42  -50   50  -30   17   28   33    9  -12  -47   30   40  -25    0    0   42   20   48   20    2    0   29    3  -41   30   11    0   26  -42
   36    3   -7   11   38  -46   -9   11    0  -40    0  -11  -15  -20  -35   42    0    0  -32   17  -50  -26    0    2    0  -18   44   -7  -32    0
    0  -45   -8   47  -17   22    0  -28  -23  -23   31   47   29    0    5   20    0    0   20  -20  -36  -47  -30   -6   31   46    0    7    0  -14
    2  -22   31   10  -23    0    0  -11    0    0   17  -21    0  -24  -12   48  -32   20    0   50  -42   48  -43  -18    0  -24    0  -38    6  -18
    0   31    0  -35    0   11    0    0  -26   16    0   10   -7  -15   45   20   17  -20   50    0   19   48    0    4   -2  -27    0    0  -49  -27
  -42   22    0    4  -12  -41   30    0    0  -15  -36  -13   33   22  -24    2  -50  -36  -42   19    0    0   29   25  -35   29  -48  -35    0  -13
   20   28    0   37    0   23  -34    0   -1  -31    0  -47   14    0   31    0  -26  -47   48   48    0    0  -11   -3  -41    0    0  -15  -26   44
  -38  -22   11    0   32    0   26   17   30  -26   -7   31   34    0   20   29    0  -30  -43    0   29  -11    0   -3    0  -33    0    0  -23  -33
    0    0  -32   11   -3  -13  -38   22    0   49    0    0   18  -32  -17    3    2   -6  -18    4   25   -3   -3    0   35  -28    0   -6    3    0
    1   34    0  -40   33   38    9   16  -34    6    5   33  -28   24  -32  -41    0   31    0   -2  -35  -41    0   35    0    0   50  -43   23    0
    0  -14  -33   41  -41    0   33   11   42    9    0   48    0    0    0   30  -18   46  -24  -27   29    0  -33  -28    0    0  -43    1   -7  -31
   40   11  -39    0   -3   45   39    4   34  -49    3   47   43   38   -1   11   44    0    0    0  -48    0    0    0   50  -43    0   34  -49    0
    0    0    0  -42  -27    0   15  -43  -19    0  -40   21  -25   41   36    0   -7    7  -38    0  -35  -15    0   -6  -43    1   34    0   -3  -10
  -21    9   26    2  -34  -25  -48  -46  -28    0  -22    0  -45   45  -39   26  -32    0    6  -49    0  -26  -23    3   23   -7  -49   -3    0   46
  -50   41    0    0   27  -19  -33  -43   15  -37   18  -12   22  -44    0  -42    0  -14  -18  -27  -13   44  -33    0    0  -31    0  -10   46    0
