QBPP_HJ-_40_075_10_1
40 212 808
30 15 26 10 21 22 3 36 40 17 20 4 44 37 24 27 16 3 2 27 43 36 45 44 24 48 27 42 40 12 28 45 29 37 2 35 44 13 5 36
     0   -56   -89   -62     0     0   -36   -32   -28   -67     0   -30   -64   -41     0   -18     0   -18   -29   -91     0    -6     0     0   -22    -7   -26   -60   -75   -59   -99   -15     0    -5   -46   -87   -88   -92   -72   -25
   -56     0     0     0   -25     0     0   -34     0   -57   -76   -78   -46     0     0   -89   -74   -14    -7   -66   -71   -62     0   -66     0    -1   -59   -15    -7   -27   -75   -74     0   -55   -77     0   -18   -60   -32   -55
   -89     0     0   -51     0   -69     0    -1   -35   -54   -50   -49     0   -75   -15    -6   -14   -88     0   -48   -45   -25     0   -40   -39   -52     0     0   -64   -85   -32   -11   -95   -35   -14     0   -87   -41   -82     0
   -62     0   -51     0   -17    -4     0   -44   -99   -93     0   -18     0   -30     0   -85   -87     0     0     0   -58   -66     0     0   -81   -48   -57   -99   -82   -42   -81    -5   -18   -40   -61     0    -4   -87   -95    -9
     0   -25     0   -17     0   -57    -8    -2  -100     0     0   -43   -90   -18   -30   -84     0   -29     0   -80   -35   -94   -39   -36   -20   -63   -86   -74   -22   -25   -41     0   -60   -33   -67     0   -37   -30   -10     0
     0     0   -69    -4   -57     0   -68     0   -71   -68     0   -10   -10   -87    -6   -57     0     0   -38   -36   -21   -57    -5   -61     0   -73   -76     0   -66   -57   -99   -68   -96   -83   -20   -58   -40     0     0   -37
   -36     0     0     0    -8   -68     0   -12   -39   -10   -78     0   -72   -10   -64   -29   -42   -69   -38   -69   -96   -68     0     0     0   -68     0   -65   -77   -50     0   -30   -79   -67   -34   -11     0   -42     0   -16
   -32   -34    -1   -44    -2     0   -12     0     0     0   -64     0   -79   -49    -5   -48     0   -31   -47   -52   -26   -20   -81   -79     0    -1   -10     0   -18   -21   -45   -24   -34   -52     0   -73     0     0   -64   -32
   -28     0   -35   -99  -100   -71   -39     0     0   -77   -64   -98   -89   -21   -23   -74   -71   -66   -39   -84   -60   -74   -23   -17   -30   -19   -85     0     0   -44   -20   -87   -68   -67   -38     0   -36    -5     0   -49
   -67   -57   -54   -93     0   -68   -10     0   -77     0   -83   -27   -60    -7   -86    -9     0   -30     0     0     0   -61    -3   -86     0     0   -56     0   -93   -50   -45     0   -80   -45   -75   -74     0   -84    -9   -71
     0   -76   -50     0     0     0   -78   -64   -64   -83     0     0     0   -40   -86     0    -1   -11     0     0   -40   -27   -45   -60   -38    -4   -76   -38   -13   -51   -71   -52     0   -48   -82   -93   -47   -92     0   -31
   -30   -78   -49   -18   -43   -10     0     0   -98   -27     0     0   -72   -44     0   -37     0   -24     0     0   -10   -74     0   -39   -46   -94    -3   -91   -29  -100   -27   -15   -99   -42   -29   -31     0   -20   -84   -83
   -64   -46     0     0   -90   -10   -72   -79   -89   -60     0   -72     0   -30   -95   -27     0   -97   -26     0     0    -9   -21     0   -46   -41   -15     0   -45     0     0     0   -93   -39   -56     0     0   -97   -16     0
   -41     0   -75   -30   -18   -87   -10   -49   -21    -7   -40   -44   -30     0    -2     0   -58     0   -82   -64   -52     0     0   -27     0   -94     0     0   -47   -18     0   -55   -59     0    -2   -69   -52   -89    -2   -45
     0     0   -15     0   -30    -6   -64    -5   -23   -86   -86     0   -95    -2     0     0   -66   -99     0   -36   -65   -31   -53   -45    -1   -67   -38   -80   -63   -97    -2     0   -26   -84   -68   -78   -78   -50   -20   -93
   -18   -89    -6   -85   -84   -57   -29   -48   -74    -9     0   -37   -27     0     0     0     0   -57   -62   -82     0   -39   -65     0    -9   -96     0    -2     0   -76    -2   -62     0   -49   -47   -13   -71   -54    -4   -55
     0   -74   -14   -87     0     0   -42     0   -71     0    -1     0     0   -58   -66     0     0     0   -31     0   -64   -11   -70   -14   -78   -84     0   -87   -61   -68     0     0   -18    -1   -42   -83   -10   -11     0   -37
   -18   -14   -88     0   -29     0   -69   -31   -66   -30   -11   -24   -97     0   -99   -57     0     0   -62   -46   -17   -75   -91   -22     0   -32     0   -80     0   -80     0   -26   -31   -38     0     0    -6   -62   -93   -60
   -29    -7     0     0     0   -38   -38   -47   -39     0     0     0   -26   -82     0   -62   -31   -62     0   -36     0   -35   -34     0   -16   -53   -86   -80   -79   -85     0   -24     0     0   -89    -3   -62   -57   -19   -51
   -91   -66   -48     0   -80   -36   -69   -52   -84     0     0     0     0   -64   -36   -82     0   -46   -36     0    -3   -22   -50   -82   -24   -74     0   -52    -2   -10   -81     0   -29   -67     0   -99     0   -38   -28    -4
     0   -71   -45   -58   -35   -21   -96   -26   -60     0   -40   -10     0   -52   -65     0   -64   -17     0    -3     0    -7   -95   -78    -4     0     0   -15   -63   -81   -79     0   -78   -86   -69     0    -8   -31     0   -72
    -6   -62   -25   -66   -94   -57   -68   -20   -74   -61   -27   -74    -9     0   -31   -39   -11   -75   -35   -22    -7     0   -55   -93   -15   -34  -100   -99   -30     0     0   -15   -10   -41   -38   -23     0   -24   -18  -100
     0     0     0     0   -39    -5     0   -81   -23    -3   -45     0   -21     0   -53   -65   -70   -91   -34   -50   -95   -55     0   -48     0    -2     0   -28     0     0   -17    -2   -86   -88     0   -49   -74   -68   -87   -93
     0   -66   -40     0   -36   -61     0   -79   -17   -86   -60   -39     0   -27   -45     0   -14   -22     0   -82   -78   -93   -48     0   -81   -41     0   -82     0   -69     0     0   -80   -17   -75   -78   -54   -57   -59   -50
   -22     0   -39   -81   -20     0     0     0   -30     0   -38   -46   -46     0    -1    -9   -78     0   -16   -24    -4   -15     0   -81     0    -6   -94   -68   -68     0   -88   -16   -28   -10   -18   -50  -100     0   -28   -13
    -7    -1   -52   -48   -63   -73   -68    -1   -19     0    -4   -94   -41   -94   -67   -96   -84   -32   -53   -74     0   -34    -2   -41    -6     0     0   -94     0   -65    -6     0   -36   -26   -30   -51   -93   -49   -24   -93
   -26   -59     0   -57   -86   -76     0   -10   -85   -56   -76    -3   -15     0   -38     0     0     0   -86     0     0  -100     0     0   -94     0     0     0   -20     0     0   -33   -10   -57   -42   -69   -92   -32   -54   -99
   -60   -15     0   -99   -74     0   -65     0     0     0   -38   -91     0     0   -80    -2   -87   -80   -80   -52   -15   -99   -28   -82   -68   -94     0     0     0   -75     0   -81   -75   -42   -43   -60    -7   -32     0     0
   -75    -7   -64   -82   -22   -66   -77   -18     0   -93   -13   -29   -45   -47   -63     0   -61     0   -79    -2   -63   -30     0     0   -68     0   -20     0     0   -68   -53   -72   -62   -91   -79   -52   -62     0     0   -59
   -59   -27   -85   -42   -25   -57   -50   -21   -44   -50   -51  -100     0   -18   -97   -76   -68   -80   -85   -10   -81     0     0   -69     0   -65     0   -75   -68     0   -79   -49   -73   -23   -59     0     0    -4   -44   -26
   -99   -75   -32   -81   -41   -99     0   -45   -20   -45   -71   -27     0     0    -2    -2     0     0     0   -81   -79     0   -17     0   -88    -6     0     0   -53   -79     0   -22     0    -4     0     0     0   -83   -58    -1
   -15   -74   -11    -5     0   -68   -30   -24   -87     0   -52   -15     0   -55     0   -62     0   -26   -24     0     0   -15    -2     0   -16     0   -33   -81   -72   -49   -22     0  -100   -41   -93     0   -54   -32    -4     0
     0     0   -95   -18   -60   -96   -79   -34   -68   -80     0   -99   -93   -59   -26     0   -18   -31     0   -29   -78   -10   -86   -80   -28   -36   -10   -75   -62   -73     0  -100     0   -85     0    -4   -47   -26   -17   -95
    -5   -55   -35   -40   -33   -83   -67   -52   -67   -45   -48   -42   -39     0   -84   -49    -1   -38     0   -67   -86   -41   -88   -17   -10   -26   -57   -42   -91   -23    -4   -41   -85     0     0   -33   -96   -14     0     0
   -46   -77   -14   -61   -67   -20   -34     0   -38   -75   -82   -29   -56    -2   -68   -47   -42     0   -89     0   -69   -38     0   -75   -18   -30   -42   -43   -79   -59     0   -93     0     0     0   -82   -23     0   -46   -78
   -87     0     0     0     0   -58   -11   -73     0   -74   -93   -31     0   -69   -78   -13   -83     0    -3   -99     0   -23   -49   -78   -50   -51   -69   -60   -52     0     0     0    -4   -33   -82     0     0   -50   -12   -53
   -88   -18   -87    -4   -37   -40     0     0   -36     0   -47     0     0   -52   -78   -71   -10    -6   -62     0    -8     0   -74   -54  -100   -93   -92    -7   -62     0     0   -54   -47   -96   -23     0     0   -39    -9     0
   -92   -60   -41   -87   -30     0   -42     0    -5   -84   -92   -20   -97   -89   -50   -54   -11   -62   -57   -38   -31   -24   -68   -57     0   -49   -32   -32     0    -4   -83   -32   -26   -14     0   -50   -39     0   -94   -20
   -72   -32   -82   -95   -10     0     0   -64     0    -9     0   -84   -16    -2   -20    -4     0   -93   -19   -28     0   -18   -87   -59   -28   -24   -54     0     0   -44   -58    -4   -17     0   -46   -12    -9   -94     0   -24
   -25   -55     0    -9     0   -37   -16   -32   -49   -71   -31   -83     0   -45   -93   -55   -37   -60   -51    -4   -72  -100   -93   -50   -13   -93   -99     0   -59   -26    -1     0   -95     0   -78   -53     0   -20   -24     0
