QBPP_HJ*_45_050_10_4
45 257 5
40 40 10 31 50 32 27 16 42 19 31 28 33 6 21 48 1 50 14 49 37 12 29 46 42 8 28 39 48 12 43 26 31 13 21 19 48 15 17 20 40 14 25 35 27
    0    0    0    0   -6  -43  -38    0  -18    2    0  -38    0  -24   44   14    0  -48  -22   22    0  -42    0    0    0  -41   -6   18    0    0    0    0  -42   -4    0    0    0   36    0   -4  -19  -31    0  -25  -34
    0    0    0   14    0  -28    0    0    0    0   25   33    8    0    0    1   32    0    0   45   10   25   -8    0  -33  -20  -31    0   38    0   31    0    0  -44    0  -43  -47    0   19    0    0    0    0    0    0
    0    0    0    0    6   31   16    0  -21   46    0  -41   21   28  -42    0    0   15    0    0    0    0    0  -35    8    0  -50   -1    0    0    0    0   -6  -32    0  -36    0    0   44    0    0    0    4    0   44
    0   14    0    0    0    0    0    7  -48    0   18    0    0  -22   14    0  -28  -36    0    0    0    0    0   16    0    0    0  -39    0   -5   36   25    0    0    0   27    0    0   48    8   38    0  -28    0    0
   -6    0    6    0    0  -45    0  -50   50   49  -12    0    0    7  -25   32    0   21    0    0    0    0    0   50    0  -19   31    0    0  -13  -32   13   -5    0   31   10    0  -14    6   33  -39   40    0  -31    0
  -43  -28   31    0  -45    0    0    0    0    0  -27  -41    0  -41    3   40    0   40   22   24    0    0  -36    0   45   38    0   20    0    3    0    4  -36  -26   25  -16  -22    0    0   13   36  -37    0    0    0
  -38    0   16    0    0    0    0    0    0   38  -17   37    0    0    0    0  -26  -41   21    0    0    0   42    0    0    0    0    0    0   -3    0    3    0   35    0  -40   13  -43  -30  -22    0  -38    1    0    0
    0    0    0    7  -50    0    0    0    0  -31    0    0   20   37    8  -15    0    0  -28    0    0  -15    6  -18  -26   18    0   35   -9   -6   33    0    6  -22   20    0    0    0   30    0    0  -40    0    0    0
  -18    0  -21  -48   50    0    0    0    0  -40    0  -15    0   -1    0   -4   -9   -2   25   10    0    0    0    0    0   -4  -25    0   22   14   38  -24   28    0  -34    0  -28    0    0    0  -17    0    0  -22   35
    2    0   46    0   49    0   38  -31  -40    0    3  -27    0   39   39    0   36    0    0    0    0    0    0    0    0    0    0    0  -31    0   12    0    0    0    0  -27  -12    0   34  -14    0  -33  -17  -34    0
    0   25    0   18  -12  -27  -17    0    0    3    0  -38    0    6    0    0    8    0    0  -10    0    0   44    0    0    0    0   36   18    0  -33    0   -7    0    0   26   41  -14  -20    0  -19    0    0  -14    0
  -38   33  -41    0    0  -41   37    0  -15  -27  -38    0  -41   31    0    0    0    0    0   13    0  -38    0    0   33    0   41    0  -19    9    5   28    0   41   24    0  -45    0    0  -21   -5  -20  -37    0    4
    0    8   21    0    0    0    0   20    0    0    0  -41    0    0    0   27   42    0   25    0    0    0    0    0   36    0    0    0    0    1   17    0    0    0   31    2    0    0    0   31    0    0    0    9   18
  -24    0   28  -22    7  -41    0   37   -1   39    6   31    0    0    0  -18  -35    0    0   41   13    0   -2  -30  -39    0    0  -41    0    0    0    0    0    0   30   48   20   43    0   49  -24    0  -36    0   33
   44    0  -42   14  -25    3    0    8    0   39    0    0    0    0    0    0   21    0   42    0   17  -11    0    0   36    0    0  -13    0    0    0    0    0    0   20    0    0  -38   46  -48    0    0   15   15  -43
   14    1    0    0   32   40    0  -15   -4    0    0    0   27  -18    0    0  -50  -36   35    0    0    0  -16    0    0  -38   20   37    0    0    0  -32   45    0  -23    0  -38    0  -22  -34   -2    0    5    0    0
    0   32    0  -28    0    0  -26    0   -9   36    8    0   42  -35   21  -50    0    0    0   32    0    0    0   32    0    6  -37    0    0    0    0   50    0    0   18   42    0    0    0   14    0  -27   26    0   42
  -48    0   15  -36   21   40  -41    0   -2    0    0    0    0    0    0  -36    0    0    0    0    0  -13   38    0    0    0    0    0    0    0    0    0    0    0    0  -22    0    0    0  -11   50  -15   41    0    0
  -22    0    0    0    0   22   21  -28   25    0    0    0   25    0   42   35    0    0    0    0    0   44    0    0    0    0    0  -25    0   -5  -20    0    0   50   50    0    2    0    0   -2    0    0    0    5  -38
   22   45    0    0    0   24    0    0   10    0  -10   13    0   41    0    0   32    0    0    0    0   41    0    0    0    0    0    0    0   23    0    0    0    0    2    0  -29    0   27    0    0  -38    0    1    0
    0   10    0    0    0    0    0    0    0    0    0    0    0   13   17    0    0    0    0    0    0  -29   15    0    7   41   23    0    0   28    4    0    0    0    0    7    0    0    0    0   27    0    0    0   47
  -42   25    0    0    0    0    0  -15    0    0    0  -38    0    0  -11    0    0  -13   44   41  -29    0  -46    0  -40  -23  -47  -43    0    0   41    0    0  -18    0   -6   -1    0    0    0    0  -43   -6  -13    0
    0   -8    0    0    0  -36   42    6    0    0   44    0    0   -2    0  -16    0   38    0    0   15  -46    0  -19    0    0  -38   -6   41    0  -16  -32    0    0   25  -39    0    0    0    0  -29  -18    0   29   26
    0    0  -35   16   50    0    0  -18    0    0    0    0    0  -30    0    0   32    0    0    0    0    0  -19    0    0    0    0   19   10    0  -38    0    0  -18    0  -35    0  -28    0    0    0   17    5    0    0
    0  -33    8    0    0   45    0  -26    0    0    0   33   36  -39   36    0    0    0    0    0    7  -40    0    0    0    0   -1    0   -8    0   31    0    0   43    1   49    0  -20   42   26    0    3    0    0    2
  -41  -20    0    0  -19   38    0   18   -4    0    0    0    0    0    0  -38    6    0    0    0   41  -23    0    0    0    0    0    7   39   45    0    0    0    0    0  -45    0   27   47   46    0  -22   13   21    6
   -6  -31  -50    0   31    0    0    0  -25    0    0   41    0    0    0   20  -37    0    0    0   23  -47  -38    0   -1    0    0   19   18  -48    0    0    0    0    1  -15    0   -8   25    0    0    0    0   29    0
   18    0   -1  -39    0   20    0   35    0    0   36    0    0  -41  -13   37    0    0  -25    0    0  -43   -6   19    0    7   19    0    0    0   -8    0   22   24    0  -14    0    0  -17  -48  -13    0    0    0   22
    0   38    0    0    0    0    0   -9   22  -31   18  -19    0    0    0    0    0    0    0    0    0    0   41   10   -8   39   18    0    0   16    0    0    0    0    0    0    0   34    0    0  -32   16    0    0    0
    0    0    0   -5  -13    3   -3   -6   14    0    0    9    1    0    0    0    0    0   -5   23   28    0    0    0    0   45  -48    0   16    0    0    0    7  -13   17    0    0  -44  -30   47    3   34    0  -47    0
    0   31    0   36  -32    0    0   33   38   12  -33    5   17    0    0    0    0    0  -20    0    4   41  -16  -38   31    0    0   -8    0    0    0    0  -43    0   20    0   44    0    0    0  -46  -30  -37  -30    0
    0    0    0   25   13    4    3    0  -24    0    0   28    0    0    0  -32   50    0    0    0    0    0  -32    0    0    0    0    0    0    0    0    0  -16    0    0    0    0    0    0   -6    0   10  -22  -22    0
  -42    0   -6    0   -5  -36    0    6   28    0   -7    0    0    0    0   45    0    0    0    0    0    0    0    0    0    0    0   22    0    7  -43  -16    0    0    0    0    0   11    0  -12    0  -41    0  -11    2
   -4  -44  -32    0    0  -26   35  -22    0    0    0   41    0    0    0    0    0    0   50    0    0  -18    0  -18   43    0    0   24    0  -13    0    0    0    0    8    5   28    0   -9    0    0    0   -9   25   45
    0    0    0    0   31   25    0   20  -34    0    0   24   31   30   20  -23   18    0   50    2    0    0   25    0    1    0    1    0    0   17   20    0    0    8    0   50    0   12    0   40    0    0  -29    0    0
    0  -43  -36   27   10  -16  -40    0    0  -27   26    0    2   48    0    0   42  -22    0    0    7   -6  -39  -35   49  -45  -15  -14    0    0    0    0    0    5   50    0    1    0  -24  -19    0   45   36    0   24
    0  -47    0    0    0  -22   13    0  -28  -12   41  -45    0   20    0  -38    0    0    2  -29    0   -1    0    0    0    0    0    0    0    0   44    0    0   28    0    1    0    0    0   19   13    5    0  -42  -24
   36    0    0    0  -14    0  -43    0    0    0  -14    0    0   43  -38    0    0    0    0    0    0    0    0  -28  -20   27   -8    0   34  -44    0    0   11    0   12    0    0    0    0    0    0    8  -23    0    0
    0   19   44   48    6    0  -30   30    0   34  -20    0    0    0   46  -22    0    0    0   27    0    0    0    0   42   47   25  -17    0  -30    0    0    0   -9    0  -24    0    0    0    0    0  -49    0    0   24
   -4    0    0    8   33   13  -22    0    0  -14    0  -21   31   49  -48  -34   14  -11   -2    0    0    0    0    0   26   46    0  -48    0   47    0   -6  -12    0   40  -19   19    0    0    0    0  -37  -44    1    0
  -19    0    0   38  -39   36    0    0  -17    0  -19   -5    0  -24    0   -2    0   50    0    0   27    0  -29    0    0    0    0  -13  -32    3  -46    0    0    0    0    0   13    0    0    0    0    0    0  -20    0
  -31    0    0    0   40  -37  -38  -40    0  -33    0  -20    0    0    0    0  -27  -15    0  -38    0  -43  -18   17    3  -22    0    0   16   34  -30   10  -41    0    0   45    5    8  -49  -37    0    0    0    0    0
    0    0    4  -28    0    0    1    0    0  -17    0  -37    0  -36   15    5   26   41    0    0    0   -6    0    5    0   13    0    0    0    0  -37  -22    0   -9  -29   36    0  -23    0  -44    0    0    0    0    0
  -25    0    0    0  -31    0    0    0  -22  -34  -14    0    9    0   15    0    0    0    5    1    0  -13   29    0    0   21   29    0    0  -47  -30  -22  -11   25    0    0  -42    0    0    1  -20    0    0    0  -22
  -34    0   44    0    0    0    0    0   35    0    0    4   18   33  -43    0   42    0  -38    0   47    0   26    0    2    6    0   22    0    0    0    0    2   45    0   24  -24    0   24    0    0    0    0  -22    0
