QBPP_HJ+_45_075_06_4
45 461 188
48 19 43 50 1 37 35 23 9 8 38 23 34 6 31 49 45 45 2 50 38 23 10 7 29 8 16 6 33 48 36 35 46 26 45 47 38 3 50 50 40 48 22 37 45
    0    0    0   19    0   75   87   16   93   77   81   54   98   94    0   68   69    5    9    4   87   28   77   54    0    0    0   83   15   89   80    0   52   56   59   93   21   20   35    0   61   57   20    6    0
    0    0   72   45   91   85    0    0   28   18   57   17    0   82   89    0   64   44    0    1   90   55    0   17   25    0   21    0    2    0   54   24   58   96   25    0    0    3   13    0   72   65   45   51   14
    0   72    0    2   49    0   72    0   89   55   43   15    0    6    0   71    0   62   95   98   30   35   68   32    0   61    0    0   92   90    0   73   71   71   84    4    6   67   51    0    0   43   94    0   96
   19   45    2    0   31    3    0   61   71   84   39   24   99   77    0    0    0    4    0   45   26   82   39   76   58    0   54   65   40   70   17   58    0   99   73   10    0   65   28   63   82   42    0   22   69
    0   91   49   31    0   88   15    0   91    2   63    0   10    2    0   31   31   73   33    0   94    0   68   79   73    0   69   70   50    3   63   60   51    8    6    0    0   13   66   46   84   55   23    0    0
   75   85    0    3   88    0   82    0   60    2   73   58   17   37   21   83    7   85   84   70    0   12   67    0   16   14    0    7   40   29    0   65   84   47   19    0   25   35   91    0    0   53   98    0   69
   87    0   72    0   15   82    0    0   19   22   54   59   11    0   70    0   36    0   80   10   44    0   89   28   37   75   82    0   47   93   75   23    9   36    0   93    5   61    0   25    9    4   94   82   24
   16    0    0   61    0    0    0    0   12    4   96   70   90   69   25   62   71   86   73   77   25   23   40   57   55    9    0   53   54   51    0   64   26   35    0   63   89   66   88    0    0    0   60   59   60
   93   28   89   71   91   60   19   12    0   72    0   90   71   61    0   37    0   75   42    0   64   90    4    8   10   76   70   29   92    0   90   85    0   65    0   30   38   50   89   88    0   18    0   98   28
   77   18   55   84    2    2   22    4   72    0   12   38    0    0   97   40   73   13   48   60   65    0   62   24    0    3   52   94    0   92   44    1    3   32   90   52    0   79    0    7   10    3   23   43    0
   81   57   43   39   63   73   54   96    0   12    0   40   29   30   63    0   29    0   30    0   27   73    0    0    7   46   37   97   30   16   76   38   71    0  100   98   68    0   42   97    0   53   80   54   61
   54   17   15   24    0   58   59   70   90   38   40    0    0    0   63   63   42   89   40   15    0    3    0    9    4    0    0   34   28    0   64   45   19   48   13    0   58   96   85   34   31   11   32   14    0
   98    0    0   99   10   17   11   90   71    0   29    0    0   29   19   29    5    0   61    0    0   44   34   82   99   98    0   48   10    7    0   18   21   97   79    0    0    4   55   60   99   63   51    0    0
   94   82    6   77    2   37    0   69   61    0   30    0   29    0   77   34   10   57   60   27    0   37   39   76   44    0    0    0   76   20   55   79   64   97   52   75    0   53   20    0   88    5   88    0    0
    0   89    0    0    0   21   70   25    0   97   63   63   19   77    0    0    0    4   94   63   53   89    0    0    9   64    0   47   18   96   14   55   19   13   61    0   94   97   11    0    0    9   32   88   11
   68    0   71    0   31   83    0   62   37   40    0   63   29   34    0    0   79   65   51    5   78   37   99   49   14   20   65   62   76    0    0    0    0   82   67   27   36   61   97    0   88   77   87   53   66
   69   64    0    0   31    7   36   71    0   73   29   42    5   10    0   79    0    0   35   31   53   94   20    0   59    9    0    0   32   61   87   65    0   35   81   75   91   48   46   85   45    0    0   65   55
    5   44   62    4   73   85    0   86   75   13    0   89    0   57    4   65    0    0   95   24    6   51   53    0    0   60   15   58   20    3   90   79   48    0   40   15    0    0    0    4   57    0    0   14   63
    9    0   95    0   33   84   80   73   42   48   30   40   61   60   94   51   35   95    0   74    0    0   52   97    0    0   59    0    1   82   94   49    0   84   81   35   74   81   32   76   51    0    0   20   56
    4    1   98   45    0   70   10   77    0   60    0   15    0   27   63    5   31   24   74    0    0   55    0    8    0   68   91    0   98   39    0    0    0    0   38    0    0    0   19   64   23    0    0   61    8
   87   90   30   26   94    0   44   25   64   65   27    0    0    0   53   78   53    6    0    0    0    0    8   16    0   16   76    0   98   21    0   63    0   72   29   19   64    0   19    0    0    0   65   13    0
   28   55   35   82    0   12    0   23   90    0   73    3   44   37   89   37   94   51    0   55    0    0   19   80   57    0   31   56   26   88   31  100    0    9   90    0   11   35   48   34    0    3   56   34    0
   77    0   68   39   68   67   89   40    4   62    0    0   34   39    0   99   20   53   52    0    8   19    0    0    0   72    0   14   71   37   85   16   67   12   79    6   31   85    0   74   76   38   28   71   31
   54   17   32   76   79    0   28   57    8   24    0    9   82   76    0   49    0    0   97    8   16   80    0    0    0   68   90   82   18    0    0    0   71    0    0   65   57   41   57    0    0   98   52   84    0
    0   25    0   58   73   16   37   55   10    0    7    4   99   44    9   14   59    0    0    0    0   57    0    0    0   44   82   82   66    1   87   76    9   68   50   17   53    0   88    0   56    0   28   12   84
    0    0   61    0    0   14   75    9   76    3   46    0   98    0   64   20    9   60    0   68   16    0   72   68   44    0    0   47   23   89  100    0    0   32   81   13   49    0    0   10   69   76   45   37   44
    0   21    0   54   69    0   82    0   70   52   37    0    0    0    0   65    0   15   59   91   76   31    0   90   82    0    0    0    0   40   16   63    0    0   90    0   23    0    0   98    0    0    0   95   29
   83    0    0   65   70    7    0   53   29   94   97   34   48    0   47   62    0   58    0    0    0   56   14   82   82   47    0    0    0   45   89   31   25    0   95   63   54    0   36   26    9    7    3   46   90
   15    2   92   40   50   40   47   54   92    0   30   28   10   76   18   76   32   20    1   98   98   26   71   18   66   23    0    0    0   15   88    0   55   91   54   70    0   55   16   36   97   25   47   64    0
   89    0   90   70    3   29   93   51    0   92   16    0    7   20   96    0   61    3   82   39   21   88   37    0    1   89   40   45   15    0    0   91    0    0    0   91   83   19   15   78    0    0   41    9   74
   80   54    0   17   63    0   75    0   90   44   76   64    0   55   14    0   87   90   94    0    0   31   85    0   87  100   16   89   88    0    0    0   38   77   64   11   80    0   67   34    0   99   21   32   91
    0   24   73   58   60   65   23   64   85    1   38   45   18   79   55    0   65   79   49    0   63  100   16    0   76    0   63   31    0   91    0    0    0   71    0    0   53    8   83   99   89    0   46    0    0
   52   58   71    0   51   84    9   26    0    3   71   19   21   64   19    0    0   48    0    0    0    0   67   71    9    0    0   25   55    0   38    0    0   40   58   13   36    0   55   77   75    0   64   78   35
   56   96   71   99    8   47   36   35   65   32    0   48   97   97   13   82   35    0   84    0   72    9   12    0   68   32    0    0   91    0   77   71   40    0    0   42   88   27   66   82    0   58    0    0   14
   59   25   84   73    6   19    0    0    0   90  100   13   79   52   61   67   81   40   81   38   29   90   79    0   50   81   90   95   54    0   64    0   58    0    0   13   23   73   99   16   70   43   42    0   39
   93    0    4   10    0    0   93   63   30   52   98    0    0   75    0   27   75   15   35    0   19    0    6   65   17   13    0   63   70   91   11    0   13   42   13    0   54    0   49   64   16   69    0   31   92
   21    0    6    0    0   25    5   89   38    0   68   58    0    0   94   36   91    0   74    0   64   11   31   57   53   49   23   54    0   83   80   53   36   88   23   54    0   42    1   78   39   84   48    0   85
   20    3   67   65   13   35   61   66   50   79    0   96    4   53   97   61   48    0   81    0    0   35   85   41    0    0    0    0   55   19    0    8    0   27   73    0   42    0   58   49   83   63    9   68   84
   35   13   51   28   66   91    0   88   89    0   42   85   55   20   11   97   46    0   32   19   19   48    0   57   88    0    0   36   16   15   67   83   55   66   99   49    1   58    0   90   34    0   51    0   92
    0    0    0   63   46    0   25    0   88    7   97   34   60    0    0    0   85    4   76   64    0   34   74    0    0   10   98   26   36   78   34   99   77   82   16   64   78   49   90    0   71    0   85    0    0
   61   72    0   82   84    0    9    0    0   10    0   31   99   88    0   88   45   57   51   23    0    0   76    0   56   69    0    9   97    0    0   89   75    0   70   16   39   83   34   71    0   57   39    5    0
   57   65   43   42   55   53    4    0   18    3   53   11   63    5    9   77    0    0    0    0    0    3   38   98    0   76    0    7   25    0   99    0    0   58   43   69   84   63    0    0   57    0   62    0   25
   20   45   94    0   23   98   94   60    0   23   80   32   51   88   32   87    0    0    0    0   65   56   28   52   28   45    0    3   47   41   21   46   64    0   42    0   48    9   51   85   39   62    0   62    0
    6   51    0   22    0    0   82   59   98   43   54   14    0    0   88   53   65   14   20   61   13   34   71   84   12   37   95   46   64    9   32    0   78    0    0   31    0   68    0    0    5    0   62    0   37
    0   14   96   69    0   69   24   60   28    0   61    0    0    0   11   66   55   63   56    8    0    0   31    0   84   44   29   90    0   74   91    0   35   14   39   92   85   84   92    0    0   25    0   37    0
