QBPP_HJ+_35_050_06_4
35 287 129
25 9 48 30 27 28 24 38 35 33 15 48 4 17 15 2 19 1 17 45 30 8 28 21 37 32 21 44 37 9 42 1 29 5 37
   0  37  27   0   0  77   0  59   0   0   0   0   9  70   0  94   0  48   0  11   0   0  98  55  34   0   8   8  91   0  52   5  59  67  53
  37   0   0   5   0  38  95   0  41   0   9   0  10   0  70  97   0  77   0   0   0  94   0  79   0   0   0   0  97   0  54  11  81  85   0
  27   0   0   0  97  99   0  43  41   0   0   0  76  42   0   0  19  92  27  58  97  51   0   0  81   1  49  63  71   0  14   0  49  98   0
   0   5   0   0  85  35  62   0  76  67   0   0   0   0   0   0   0   0  92  54  71  13   0  67  72   0   0  58   0   0   0   0  99  95   0
   0   0  97  85   0  57  95  90   0   0  29  99   0   0  83   0  49  60   0  96  14   0   0   0  37   0   0  47  97   0   0   0   0  58  58
  77  38  99  35  57   0   0  70   8  26  57  93  54   0  16   0  47   0  66   0   0   0  84  62   0   0  91   0  23   8  78  68  73  44  51
   0  95   0  62  95   0   0  53  38   0  82  39   0   0  57  33  79  67  21   0   0   0  65   0   0   0  97   0   0   0  19   0  28   5  28
  59   0  43   0  90  70  53   0   4   0  58  17  16   0   0   0  39  69   0  47   7   0   0   9  87   0  98  68   0   0   0   0  44  75   0
   0  41  41  76   0   8  38   4   0   0  33  21   0  11  66  19   0   0   0  20   0   0  57   0   0  37   0   0   0   0   0  20   0  54   2
   0   0   0  67   0  26   0   0   0   0   0  89   0   0   0  22   0   0   0   0   0  72  16  24  68  93   0  85   0  27   0   0   0  91   0
   0   9   0   0  29  57  82  58  33   0   0   0  57   0   0  28  22   0  28  54   0   0   0  79   0  99  99   0   0  14   0   0  23  37   0
   0   0   0   0  99  93  39  17  21  89   0   0  17   0   0   0   0  44   0  40   0  21   0   0  24   0   0   0  57  84  17   0   0   0  87
   9  10  76   0   0  54   0  16   0   0  57  17   0  45  63   0   0  68  46   0  38   0   0   0  56   0   0  86   0   0   0   0   0  29   0
  70   0  42   0   0   0   0   0  11   0   0   0  45   0   0  24  95  49   0   0  40   0  45  39   0  91  29  25   0  50  21   0  39   3  22
   0  70   0   0  83  16  57   0  66   0   0   0  63   0   0  46  28   0  49  63   0   0  70  55   0   0   0   0  53  31   0   7   0   0   0
  94  97   0   0   0   0  33   0  19  22  28   0   0  24  46   0   0  26   3   0   0   0   0   0   0   0   0   9   0   0  48   0  43   0   1
   0   0  19   0  49  47  79  39   0   0  22   0   0  95  28   0   0  32   0  89   0  82   0  85   1   0  44  90   0   0  48   0  83   0   0
  48  77  92   0  60   0  67  69   0   0   0  44  68  49   0  26  32   0  12  66  85   0   0   4  64  81  18   0  74   0   0  17  23   0  58
   0   0  27  92   0  66  21   0   0   0  28   0  46   0  49   3   0  12   0  25  35  39   0   0  80   0   0  39   0  48  64   0   0  52   0
  11   0  58  54  96   0   0  47  20   0  54  40   0   0  63   0  89  66  25   0  62   0   0   0  63   0   0  34  96  15  97  47  17  95  37
   0   0  97  71  14   0   0   7   0   0   0   0  38  40   0   0   0  85  35  62   0  94   0  89   0   0   0  46   0  64  78   0  59   0   0
   0  94  51  13   0   0   0   0   0  72   0  21   0   0   0   0  82   0  39   0  94   0  66  51  28   0  94  93   0  27   0  92  87  85   0
  98   0   0   0   0  84  65   0  57  16   0   0   0  45  70   0   0   0   0   0   0  66   0   0  47   0  90   0  77   0   0   0   0  58  25
  55  79   0  67   0  62   0   9   0  24  79   0   0  39  55   0  85   4   0   0  89  51   0   0   0   0  88   0  89   0  21  95   0   0   0
  34   0  81  72  37   0   0  87   0  68   0  24  56   0   0   0   1  64  80  63   0  28  47   0   0   0   0   0  57   0  46  74   0  91   0
   0   0   1   0   0   0   0   0  37  93  99   0   0  91   0   0   0  81   0   0   0   0   0   0   0   0   0  96   0   9   0   0   5   0  64
   8   0  49   0   0  91  97  98   0   0  99   0   0  29   0   0  44  18   0   0   0  94  90  88   0   0   0  97   1  56  63  16   0   0  45
   8   0  63  58  47   0   0  68   0  85   0   0  86  25   0   9  90   0  39  34  46  93   0   0   0  96  97   0   0   0   0   0  92  96  83
  91  97  71   0  97  23   0   0   0   0   0  57   0   0  53   0   0  74   0  96   0   0  77  89  57   0   1   0   0  22  36   0  60  39   0
   0   0   0   0   0   8   0   0   0  27  14  84   0  50  31   0   0   0  48  15  64  27   0   0   0   9  56   0  22   0   0   0   0   0   0
  52  54  14   0   0  78  19   0   0   0   0  17   0  21   0  48  48   0  64  97  78   0   0  21  46   0  63   0  36   0   0  70  57  78  92
   5  11   0   0   0  68   0   0  20   0   0   0   0   0   7   0   0  17   0  47   0  92   0  95  74   0  16   0   0   0  70   0   0   0   0
  59  81  49  99   0  73  28  44   0   0  23   0   0  39   0  43  83  23   0  17  59  87   0   0   0   5   0  92  60   0  57   0   0   0   0
  67  85  98  95  58  44   5  75  54  91  37   0  29   3   0   0   0   0  52  95   0  85  58   0  91   0   0  96  39   0  78   0   0   0  25
  53   0   0   0  58  51  28   0   2   0   0  87   0  22   0   1   0  58   0  37   0   0  25   0   0  64  45  83   0   0  92   0   0  25   0
